10	0.48
20	0.78
30	0.93
40	1.18
50	1.66
60	1.99
70	2.19
80	2.66
90	2.96
100	3.32
110	3.76
120	4.21
130	4.51
140	4.88
150	5.21
160	5.39
170	5.78
180	6.26
190	6.66
200	7.03
210	7.38
220	7.68
230	8.2
240	8.45
250	8.8
260	9.27
270	9.57
280	9.96
290	10.33
300	10.66
310	11.22
320	11.57
330	12.0
340	12.45
350	12.85
360	13.27
370	13.84
380	14.23
390	14.83
400	15.41
410	15.63
420	15.79
430	15.79
440	15.88
450	16.06
460	16.55
470	17.03
480	17.27
490	17.69
500	17.98
510	18.43
520	18.72
530	19.07
540	19.55
550	19.77
560	20.31
570	20.79
580	21.19
590	21.44
600	21.82
610	22.06
620	22.27
630	22.59
640	22.78
650	23.08
660	23.29
670	23.68
680	24.1
690	24.4
700	24.85
710	25.3
720	25.5
730	25.99
740	26.62
750	26.96
760	27.58
770	28.0
780	28.47
790	28.86
800	29.44
810	29.83
820	30.16
830	30.59
840	31.17
850	31.57
860	32.22
870	32.85
880	33.16
890	33.57
900	33.81
910	34.45
920	34.85
930	35.28
940	35.44
950	35.56
960	36.0
970	36.43
980	36.63
990	36.87
1000	37.43
1010	37.92
1020	38.31
1030	38.75
1040	39.19
1050	39.8
1060	40.31
1070	40.7
1080	41.02
1090	41.41
1100	41.86
1110	42.23
1120	42.78
1130	43.37
1140	43.93
1150	44.15
1160	44.83
1170	44.86
1180	44.86
1190	44.86
1200	44.86
1210	45.0
1220	45.42
1230	45.7
1240	46.06
1250	46.58
1260	46.93
1270	47.35
1280	47.86
1290	48.37
1300	48.74
1310	49.04
1320	49.61
1330	50.08
1340	50.38
1350	50.82
1360	51.13
1370	51.44
1380	51.9
1390	52.42
1400	52.88
1410	53.4
1420	53.88
1430	54.18
1440	54.58
1450	55.14
1460	55.44
1470	55.89
1480	56.5
1490	56.88
1500	57.27
1510	57.51
1520	58.0
1530	58.36
1540	58.88
1550	59.37
1560	59.77
1570	60.01
1580	60.42
1590	61.13
1600	61.65
1610	62.12
1620	62.39
1630	62.66
1640	63.15
1650	63.72
1660	64.19
1670	64.45
1680	64.96
1690	65.35
1700	65.7
1710	65.98
1720	66.46
1730	67.08
1740	67.44
1750	67.78
1760	68.09
1770	68.42
1780	68.7
1790	68.99
1800	69.57
1810	70.13
1820	70.43
1830	70.76
1840	71.18
1850	71.69
1860	71.91
1870	72.44
1880	72.82
1890	73.28
1900	73.71
1910	74.0
1920	74.44
1930	74.73
1940	74.97
1950	75.39
1960	75.74
1970	76.02
1980	76.34
1990	76.58
2000	76.94
2010	77.38
2020	77.92
2030	78.34
2040	78.63
2050	79.17
2060	79.51
2070	80.08
2080	80.47
2090	81.15
2100	81.49
2110	81.91
2120	82.34
2130	82.82
2140	83.17
2150	83.59
2160	84.03
2170	84.43
2180	84.9
2190	85.33
2200	85.61
2210	86.14
2220	86.53
2230	86.78
2240	87.18
2250	87.55
2260	88.01
2270	88.44
2280	88.79
2290	89.32
2300	89.46
2310	89.88
2320	90.18
2330	90.41
2340	90.74
2350	90.93
2360	91.31
2370	91.63
2380	92.02
2390	92.5
2400	92.79
2410	93.23
2420	93.54
2430	93.97
2440	93.97
2450	93.97
2460	93.97
2470	93.97
2480	93.97
2490	93.97
2500	94.24
2510	94.62
2520	95.09
2530	95.59
2540	95.73
2550	96.22
2560	96.32
2570	96.62
2580	97.0
2590	97.48
2600	97.87
2610	98.23
2620	98.58
2630	99.0
2640	99.38
2650	99.71
2660	100.33
2670	100.77
2680	101.02
2690	101.58
2700	101.83
2710	102.22
2720	102.64
2730	103.24
2740	103.48
2750	103.92
2760	104.29
2770	104.24
2780	104.64
2790	104.87
2800	105.44
2810	105.92
2820	106.44
2830	106.84
2840	107.16
2850	107.58
2860	107.9
2870	108.43
2880	108.67
2890	109.21
2900	109.6
2910	110.12
2920	110.63
2930	111.08
2940	111.68
2950	111.88
2960	112.41
2970	112.71
2980	113.1
2990	113.35
3000	114.1
3010	114.42
3020	114.92
3030	115.38
3040	115.84
3050	116.32
3060	116.62
3070	117.05
3080	117.39
3090	117.75
3100	118.15
3110	118.59
3120	118.99
3130	119.45
3140	119.79
3150	120.16
3160	120.59
3170	121.01
3180	121.36
3190	121.8
3200	122.25
3210	122.61
3220	122.87
3230	123.48
3240	123.71
3250	124.06
3260	124.36
3270	124.48
3280	124.93
3290	125.29
3300	125.64
3310	125.93
3320	126.31
3330	126.5
3340	126.87
3350	127.37
3360	127.73
3370	127.97
3380	128.21
3390	128.47
3400	128.94
3410	129.37
3420	129.83
3430	130.08
3440	130.35
3450	130.82
3460	131.2
3470	131.57
3480	132.06
3490	132.56
3500	133.16
3510	133.65
3520	134.09
3530	134.52
3540	134.72
3550	134.98
3560	135.44
3570	135.93
3580	136.02
3590	136.3
3600	136.61
3610	136.94
3620	137.22
3630	137.74
3640	138.32
3650	138.75
3660	139.3
3670	139.68
3680	139.8
3690	140.23
3700	140.74
3710	141.0
3720	141.27
3730	141.59
3740	142.03
3750	142.53
3760	143.03
3770	143.2
3780	143.45
3790	143.91
3800	144.33
3810	144.79
3820	144.97
3830	145.38
3840	145.72
3850	146.08
3860	146.44
3870	146.78
3880	147.08
3890	147.35
3900	147.79
3910	148.09
3920	148.68
3930	149.25
3940	149.56
3950	149.9
3960	150.08
3970	150.4
3980	150.92
3990	151.4
4000	151.88
4010	152.18
4020	152.73
4030	153.08
4040	153.47
4050	153.64
4060	154.13
4070	154.57
4080	154.87
4090	155.18
4100	155.68
4110	156.05
4120	156.28
4130	156.82
4140	157.07
4150	157.59
4160	158.05
4170	158.27
4180	158.68
4190	159.0
4200	159.33
4210	159.67
4220	160.25
4230	160.64
4240	160.92
4250	161.61
4260	161.95
4270	162.52
4280	162.95
4290	163.45
4300	163.86
4310	164.42
4320	164.76
4330	165.23
4340	165.77
4350	166.13
4360	166.54
4370	166.94
4380	167.47
4390	167.63
4400	168.01
4410	168.55
4420	168.79
4430	169.05
4440	169.57
4450	169.96
4460	170.39
4470	170.75
4480	171.19
4490	171.38
4500	171.83
4510	172.07
4520	172.72
4530	173.11
4540	173.51
4550	173.51
4560	173.52
4570	173.58
4580	173.6
4590	173.66
4600	173.67
4610	173.72
4620	173.72
4630	173.75
4640	173.75
4650	173.83
4660	174.26
4670	174.65
4680	174.89
4690	175.32
4700	175.47
4710	175.84
4720	176.52
4730	176.79
4740	177.16
4750	177.63
4760	178.18
4770	178.35
4780	178.74
4790	179.06
4800	179.49
4810	179.98
4820	180.23
4830	180.76
4840	181.14
4850	181.35
4860	181.72
4870	182.16
4880	182.58
4890	183.02
4900	183.42
4910	183.94
4920	184.24
4930	184.71
4940	185.24
4950	185.62
4960	185.94
4970	186.31
4980	186.6
4990	187.12
5000	187.61
5010	187.83
5020	188.13
5030	188.36
5040	188.81
5050	189.17
5060	189.56
5070	189.94
5080	190.45
5090	190.57
5100	190.85
5110	191.21
5120	191.74
5130	192.15
5140	192.47
5150	192.85
5160	193.21
5170	193.61
5180	193.72
5190	193.93
5200	194.23
5210	194.48
5220	194.85
5230	195.15
5240	195.7
5250	196.06
5260	196.45
5270	197.01
5280	197.48
5290	197.92
5300	198.18
5310	198.37
5320	198.69
5330	199.08
5340	199.39
5350	199.94
5360	200.29
5370	200.78
5380	201.18
5390	201.72
5400	202.03
5410	202.4
5420	202.8
5430	203.19
5440	203.51
5450	203.95
5460	204.55
5470	205.01
5480	205.4
5490	205.74
5500	206.18
5510	206.57
5520	206.88
5530	207.0
5540	207.3
5550	207.74
5560	208.06
5570	208.33
5580	208.67
5590	208.97
5600	209.31
5610	209.71
5620	210.06
5630	210.49
5640	210.9
5650	211.29
5660	211.5
5670	211.87
5680	212.17
5690	212.6
5700	213.16
5710	213.32
5720	213.48
5730	214.05
5740	214.41
5750	214.71
5760	215.08
5770	215.44
5780	215.72
5790	216.2
5800	216.65
5810	217.05
5820	217.33
5830	217.59
5840	217.68
5850	218.01
5860	218.32
5870	218.84
5880	219.25
5890	219.57
5900	219.92
5910	220.39
5920	220.77
5930	221.1
5940	221.6
5950	222.18
5960	222.66
5970	222.89
5980	223.16
5990	223.51
6000	224.01
6010	224.42
6020	224.82
6030	225.19
6040	225.46
6050	225.8
6060	226.21
6070	226.69
6080	227.16
6090	227.31
6100	227.85
6110	228.26
6120	228.66
6130	229.09
6140	229.75
6150	230.0
6160	230.43
6170	230.83
6180	231.05
6190	231.57
6200	232.03
6210	232.29
6220	232.49
6230	232.83
6240	233.23
6250	233.49
6260	233.94
6270	234.36
6280	234.74
6290	235.21
6300	235.69
6310	235.92
6320	236.06
6330	236.42
6340	236.53
6350	236.78
6360	237.19
6370	237.48
6380	237.86
6390	238.13
6400	238.62
6410	239.1
6420	239.25
6430	239.68
6440	239.95
6450	239.98
6460	240.26
6470	240.42
6480	240.59
6490	240.94
6500	241.16
6510	241.57
6520	242.15
6530	242.59
6540	243.02
6550	243.27
6560	243.65
6570	243.9
6580	244.22
6590	244.31
6600	244.53
6610	244.75
6620	245.14
6630	245.45
6640	245.71
6650	246.06
6660	246.27
6670	246.46
6680	246.73
6690	247.05
6700	247.24
6710	247.43
6720	247.69
6730	248.0
6740	248.24
6750	248.43
6760	248.64
6770	248.89
6780	249.03
6790	249.23
6800	249.62
6810	249.83
6820	250.14
6830	250.23
6840	250.42
6850	250.7
6860	251.17
6870	251.46
6880	251.7
6890	252.11
6900	252.22
6910	252.47
6920	252.78
6930	252.87
6940	253.17
6950	253.47
6960	253.56
6970	253.62
6980	253.99
6990	254.38
7000	254.74
7010	255.04
7020	255.4
7030	255.69
7040	255.95
7050	256.12
7060	256.35
7070	256.64
7080	256.67
7090	256.8
7100	256.93
7110	257.12
7120	257.26
7130	257.6
7140	257.8
7150	258.06
7160	258.31
7170	258.58
7180	258.9
7190	259.1
7200	259.3
7210	259.43
7220	259.7
7230	259.91
7240	260.05
7250	260.22
7260	260.34
7270	260.55
7280	260.79
7290	260.94
7300	261.05
7310	261.23
7320	261.34
7330	261.63
7340	261.7
7350	261.8
7360	261.89
7370	262.14
7380	262.19
7390	262.44
7400	262.72
7410	263.04
7420	263.33
7430	263.41
7440	263.67
7450	263.97
7460	264.14
7470	264.19
7480	264.37
7490	264.54
7500	264.59
7510	264.64
7520	264.94
7530	264.95
7540	265.06
7550	265.26
7560	265.54
7570	265.6
7580	265.83
7590	266.12
7600	266.2
7610	266.36
7620	266.44
7630	266.67
7640	266.96
7650	267.16
7660	267.34
7670	267.57
7680	267.89
7690	267.9
7700	267.96
7710	268.24
7720	268.55
7730	268.83
7740	269.02
7750	269.2
7760	269.3
7770	269.42
7780	269.55
7790	269.67
7800	269.73
7810	269.99
7820	270.05
7830	270.28
7840	270.42
7850	270.43
7860	270.65
7870	270.82
7880	271.11
7890	271.21
7900	271.16
7910	271.36
7920	271.55
7930	271.63
7940	271.74
7950	271.87
7960	271.97
7970	272.12
7980	272.22
7990	272.35
8000	272.54
8010	272.79
8020	272.93
8030	273.06
8040	273.23
8050	273.32
8060	273.42
8070	273.56
8080	273.66
8090	273.92
8100	274.0
8110	274.11
8120	274.24
8130	274.31
8140	274.33
8150	274.47
8160	274.67
8170	274.82
8180	274.85
8190	274.89
8200	275.0
8210	275.12
8220	275.22
8230	275.16
8240	275.32
8250	275.45
8260	275.57
8270	275.69
8280	275.85
8290	275.98
8300	276.11
8310	276.22
8320	276.32
8330	276.43
8340	276.36
8350	276.41
8360	276.39
8370	276.43
8380	276.49
8390	276.57
8400	276.64
8410	276.71
8420	276.78
8430	276.8
8440	276.81
8450	276.8
8460	276.87
8470	276.94
8480	277.02
8490	277.06
8500	277.11
8510	277.16
8520	277.23
8530	277.37
8540	277.36
8550	277.42
8560	277.54
8570	277.58
8580	277.62
8590	277.64
8600	277.78
8610	277.94
8620	277.92
8630	278.04
8640	278.12
8650	278.1
8660	278.11
8670	278.24
8680	278.38
8690	278.48
8700	278.57
8710	278.57
8720	278.62
8730	278.72
8740	278.82
8750	278.87
8760	279.01
8770	279.06
8780	279.08
8790	279.11
8800	279.12
8810	279.19
8820	279.21
8830	279.29
8840	279.31
8850	279.4
8860	279.43
8870	279.45
8880	279.5
8890	279.57
8900	279.64
8910	279.62
8920	279.68
8930	279.65
8940	279.74
8950	279.85
8960	279.84
8970	279.86
8980	280.0
8990	280.16
9000	280.19
9010	280.18
9020	280.28
9030	280.26
9040	280.31
9050	280.3
9060	280.38
9070	280.42
9080	280.52
9090	280.56
9100	280.62
9110	280.67
9120	280.71
9130	280.8
9140	280.81
9150	280.87
9160	280.92
9170	281.01
9180	281.02
9190	281.08
9200	281.11
9210	281.16
9220	281.27
9230	281.35
9240	281.39
9250	281.37
9260	281.38
9270	281.41
9280	281.4
9290	281.39
9300	281.42
9310	281.44
9320	281.46
9330	281.49
9340	281.49
9350	281.53
9360	281.53
9370	281.57
9380	281.58
9390	281.59
9400	281.63
9410	281.68
9420	281.78
9430	281.78
9440	281.79
9450	281.86
9460	281.88
9470	281.89
9480	281.89
9490	281.89
9500	281.94
9510	281.91
9520	281.9
9530	281.95
9540	281.98
9550	282.04
9560	282.12
9570	282.1
9580	282.13
9590	282.19
9600	282.27
9610	282.25
9620	282.24
9630	282.29
9640	282.32
9650	282.36
9660	282.36
9670	282.34
9680	282.39
9690	282.44
9700	282.47
9710	282.55
9720	282.54
9730	282.55
9740	282.6
9750	282.66
9760	282.7
9770	282.74
9780	282.83
9790	282.87
9800	282.88
9810	282.95
9820	282.96
9830	282.93
9840	282.94
9850	283.0
9860	283.07
9870	283.1
9880	283.14
9890	283.14
9900	283.18
9910	283.22
9920	283.23
9930	283.24
9940	283.32
9950	283.4
9960	283.4
9970	283.41
9980	283.42
9990	283.48
10000	283.5
10010	283.55
10020	283.6
10030	283.61
10040	283.63
10050	283.68
10060	283.7
10070	283.7
10080	283.72
10090	283.74
10100	283.75
10110	283.78
10120	283.81
10130	283.82
10140	283.82
10150	283.81
10160	283.83
10170	283.85
10180	283.87
10190	283.88
10200	283.91
10210	283.92
10220	283.95
10230	284.02
10240	284.03
10250	284.06
10260	284.08
10270	284.12
10280	284.15
10290	284.2
10300	284.19
10310	284.26
10320	284.27
10330	284.29
10340	284.3
10350	284.29
10360	284.29
10370	284.3
10380	284.33
10390	284.35
10400	284.34
10410	284.35
10420	284.37
10430	284.37
10440	284.37
10450	284.4
10460	284.38
10470	284.37
10480	284.34
10490	284.36
10500	284.38
10510	284.38
10520	284.39
10530	284.4
10540	284.41
10550	284.45
10560	284.5
10570	284.52
10580	284.53
10590	284.54
10600	284.55
10610	284.54
10620	284.57
10630	284.57
10640	284.58
10650	284.6
10660	284.61
10670	284.63
10680	284.64
10690	284.63
10700	284.64
10710	284.64
10720	284.64
10730	284.67
10740	284.69
10750	284.72
10760	284.74
10770	284.74
10780	284.76
10790	284.75
10800	284.78
10810	284.79
10820	284.81
10830	284.82
10840	284.83
10850	284.85
10860	284.84
10870	284.85
10880	284.86
10890	284.87
10900	284.84
10910	284.83
10920	284.83
10930	284.87
10940	284.84
10950	284.84
10960	284.86
10970	284.86
10980	284.88
10990	284.91
11000	284.95
11010	284.97
11020	284.99
11030	284.98
11040	285.02
11050	285.07
11060	285.09
11070	285.11
11080	285.2
11090	285.23
11100	285.22
11110	285.22
11120	285.21
11130	285.23
11140	285.24
11150	285.26
11160	285.27
11170	285.28
11180	285.28
11190	285.31
11200	285.37
11210	285.39
11220	285.4
11230	285.37
11240	285.4
11250	285.46
11260	285.46
11270	285.49
11280	285.51
11290	285.52
11300	285.51
11310	285.54
11320	285.54
11330	285.53
11340	285.53
11350	285.56
11360	285.59
11370	285.58
11380	285.6
11390	285.6
11400	285.59
11410	285.61
11420	285.66
11430	285.7
11440	285.71
11450	285.74
11460	285.77
11470	285.76
11480	285.76
11490	285.77
11500	285.78
11510	285.79
11520	285.77
11530	285.8
11540	285.79
11550	285.81
11560	285.83
11570	285.83
11580	285.85
11590	285.87
11600	285.89
11610	285.87
11620	285.84
11630	285.84
11640	285.85
11650	285.85
11660	285.84
11670	285.85
11680	285.92
11690	285.93
11700	285.94
11710	285.93
11720	285.94
11730	285.92
11740	285.93
11750	285.94
11760	285.91
11770	285.92
11780	285.93
11790	285.96
11800	286.03
11810	286.08
11820	286.1
11830	286.16
11840	286.14
11850	286.16
11860	286.18
11870	286.18
11880	286.2
11890	286.2
11900	286.21
11910	286.23
11920	286.26
11930	286.27
11940	286.26
11950	286.25
11960	286.23
11970	286.28
11980	286.32
11990	286.36
12000	286.33
12010	286.36
12020	286.35
12030	286.34
12040	286.35
12050	286.41
12060	286.44
12070	286.43
12080	286.4
12090	286.43
12100	286.42
12110	286.44
12120	286.43
12130	286.43
12140	286.46
12150	286.47
12160	286.45
12170	286.49
12180	286.52
12190	286.55
12200	286.57
12210	286.58
12220	286.59
12230	286.61
12240	286.61
12250	286.66
12260	286.71
12270	286.7
12280	286.76
12290	286.77
12300	286.81
12310	286.8
12320	286.82
12330	286.83
12340	286.85
12350	286.87
12360	286.91
12370	286.93
12380	286.91
12390	286.95
12400	286.97
12410	287.02
12420	287.0
12430	287.01
12440	287.03
12450	287.06
12460	287.05
12470	287.05
12480	287.06
12490	287.05
12500	287.07
12510	287.08
12520	287.07
12530	287.08
12540	287.09
12550	287.1
12560	287.13
12570	287.16
12580	287.19
12590	287.22
12600	287.22
12610	287.24
12620	287.25
12630	287.26
12640	287.26
12650	287.28
12660	287.27
12670	287.27
12680	287.28
12690	287.29
12700	287.33
12710	287.34
12720	287.37
12730	287.37
12740	287.37
12750	287.37
12760	287.4
12770	287.43
12780	287.45
12790	287.48
12800	287.46
12810	287.47
12820	287.47
12830	287.48
12840	287.5
12850	287.5
12860	287.52
12870	287.53
12880	287.53
12890	287.51
12900	287.5
12910	287.47
12920	287.51
12930	287.53
12940	287.55
12950	287.52
12960	287.55
12970	287.55
12980	287.54
12990	287.53
13000	287.55
13010	287.53
13020	287.56
13030	287.61
13040	287.64
13050	287.68
13060	287.7
13070	287.7
13080	287.73
13090	287.74
13100	287.78
13110	287.79
13120	287.81
13130	287.82
13140	287.85
13150	287.82
13160	287.87
13170	287.92
13180	287.97
13190	287.99
13200	287.98
13210	287.98
13220	287.99
13230	288.0
13240	288.05
13250	288.1
13260	288.11
13270	288.14
13280	288.12
13290	288.16
13300	288.19
13310	288.17
13320	288.17
13330	288.18
13340	288.19
13350	288.19
13360	288.2
13370	288.16
13380	288.2
13390	288.21
13400	288.22
13410	288.26
13420	288.29
13430	288.31
13440	288.29
13450	288.34
13460	288.35
13470	288.36
13480	288.35
13490	288.33
13500	288.32
13510	288.3
13520	288.3
13530	288.28
13540	288.29
13550	288.3
13560	288.3
13570	288.33
13580	288.36
13590	288.38
13600	288.39
13610	288.38
13620	288.39
13630	288.4
13640	288.44
13650	288.43
13660	288.44
13670	288.45
13680	288.46
13690	288.45
13700	288.46
13710	288.47
13720	288.47
13730	288.48
13740	288.51
13750	288.51
13760	288.53
13770	288.52
13780	288.53
13790	288.55
13800	288.53
13810	288.55
13820	288.55
13830	288.58
13840	288.6
13850	288.61
13860	288.58
13870	288.6
13880	288.63
13890	288.64
13900	288.65
13910	288.65
13920	288.67
13930	288.66
13940	288.68
13950	288.69
13960	288.66
13970	288.68
13980	288.67
13990	288.67
14000	288.68
14010	288.7
14020	288.69
14030	288.71
14040	288.7
14050	288.69
14060	288.71
14070	288.7
14080	288.7
14090	288.69
14100	288.72
14110	288.74
14120	288.79
14130	288.8
14140	288.85
14150	288.85
14160	288.83
14170	288.85
14180	288.84
14190	288.86
14200	288.86
14210	288.87
14220	288.87
14230	288.88
14240	288.9
14250	288.91
14260	288.91
14270	288.92
14280	288.93
14290	288.94
14300	288.97
14310	288.98
14320	288.99
14330	289.01
14340	289.03
14350	289.02
14360	289.04
14370	289.06
14380	289.07
14390	289.09
14400	289.09
14410	289.1
14420	289.11
14430	289.11
14440	289.1
14450	289.11
14460	289.1
14470	289.11
14480	289.11
14490	289.11
14500	289.12
14510	289.11
14520	289.11
14530	289.12
14540	289.14
14550	289.16
14560	289.17
14570	289.19
14580	289.19
14590	289.2
14600	289.22
14610	289.25
14620	289.28
14630	289.25
14640	289.27
14650	289.32
14660	289.34
14670	289.36
14680	289.39
14690	289.41
14700	289.41
14710	289.42
14720	289.43
14730	289.43
14740	289.43
14750	289.45
14760	289.45
14770	289.47
14780	289.46
14790	289.44
14800	289.47
14810	289.48
14820	289.51
14830	289.51
14840	289.53
14850	289.58
14860	289.58
14870	289.57
14880	289.58
14890	289.59
14900	289.62
14910	289.62
14920	289.62
14930	289.63
14940	289.62
14950	289.61
14960	289.62
14970	289.62
14980	289.66
14990	289.7
15000	289.69
15010	289.69
15020	289.69
15030	289.73
15040	289.73
15050	289.75
15060	289.75
15070	289.8
15080	289.81
15090	289.87
15100	289.88
15110	289.9
15120	289.91
15130	289.9
15140	289.92
15150	289.91
15160	289.91
15170	289.92
15180	289.93
15190	289.9
15200	289.9
15210	289.92
15220	289.94
15230	289.94
15240	289.96
15250	289.94
15260	289.95
15270	289.97
15280	290.0
15290	290.03
15300	289.99
15310	289.99
15320	290.01
15330	290.02
15340	290.03
15350	290.04
15360	290.05
15370	290.05
15380	290.05
15390	290.1
15400	290.09
15410	290.1
15420	290.11
15430	290.11
15440	290.11
15450	290.13
15460	290.12
15470	290.11
15480	290.11
15490	290.1
15500	290.11
15510	290.13
15520	290.14
15530	290.15
15540	290.14
15550	290.16
15560	290.15
15570	290.16
15580	290.16
15590	290.15
15600	290.14
15610	290.16
15620	290.19
15630	290.2
15640	290.22
15650	290.23
15660	290.23
15670	290.19
15680	290.19
15690	290.21
15700	290.24
15710	290.23
15720	290.22
15730	290.23
15740	290.25
15750	290.24
15760	290.27
15770	290.26
15780	290.3
15790	290.33
15800	290.35
15810	290.37
15820	290.4
15830	290.42
15840	290.43
15850	290.43
15860	290.45
15870	290.46
15880	290.47
15890	290.45
15900	290.49
15910	290.46
15920	290.48
15930	290.45
15940	290.46
15950	290.44
15960	290.45
15970	290.46
15980	290.46
15990	290.48
16000	290.48
16010	290.47
16020	290.52
16030	290.52
16040	290.52
16050	290.54
16060	290.56
16070	290.57
16080	290.57
16090	290.56
16100	290.55
16110	290.56
16120	290.59
16130	290.63
16140	290.67
16150	290.66
16160	290.66
16170	290.67
16180	290.67
16190	290.7
16200	290.7
16210	290.75
16220	290.76
16230	290.75
16240	290.74
16250	290.77
16260	290.77
16270	290.78
16280	290.76
16290	290.78
16300	290.76
16310	290.76
16320	290.78
16330	290.77
16340	290.79
16350	290.81
16360	290.81
16370	290.82
16380	290.82
16390	290.82
16400	290.84
16410	290.85
16420	290.89
16430	290.88
16440	290.88
16450	290.86
16460	290.86
16470	290.87
16480	290.87
16490	290.87
16500	290.85
16510	290.88
16520	290.9
16530	290.93
16540	290.93
16550	290.93
16560	290.95
16570	290.96
16580	290.97
16590	290.96
16600	290.98
16610	290.97
16620	290.94
16630	290.92
16640	290.92
16650	290.9
16660	290.93
16670	290.96
16680	290.97
16690	290.96
16700	290.97
16710	290.99
16720	290.99
16730	291.02
16740	291.05
16750	291.05
16760	291.07
16770	291.07
16780	291.08
16790	291.1
16800	291.1
16810	291.13
16820	291.19
16830	291.2
16840	291.24
16850	291.22
16860	291.2
16870	291.18
16880	291.2
16890	291.22
16900	291.22
16910	291.26
16920	291.29
16930	291.32
16940	291.34
16950	291.37
16960	291.38
16970	291.4
16980	291.42
16990	291.41
17000	291.42
17010	291.45
17020	291.46
17030	291.47
17040	291.47
17050	291.47
17060	291.46
17070	291.46
17080	291.44
17090	291.45
17100	291.48
17110	291.49
17120	291.49
17130	291.49
17140	291.49
17150	291.48
17160	291.5
17170	291.52
17180	291.54
17190	291.54
17200	291.57
17210	291.57
17220	291.62
17230	291.62
17240	291.61
17250	291.63
17260	291.63
17270	291.64
17280	291.61
17290	291.61
17300	291.62
17310	291.65
17320	291.63
17330	291.61
17340	291.62
17350	291.58
17360	291.59
17370	291.6
17380	291.55
17390	291.58
17400	291.58
17410	291.63
17420	291.62
17430	291.64
17440	291.65
17450	291.65
17460	291.65
17470	291.68
17480	291.71
17490	291.7
17500	291.69
17510	291.71
17520	291.72
17530	291.74
17540	291.76
17550	291.75
17560	291.75
17570	291.76
17580	291.76
17590	291.76
17600	291.78
17610	291.78
17620	291.77
17630	291.77
17640	291.76
17650	291.75
17660	291.77
17670	291.78
17680	291.78
17690	291.79
17700	291.8
17710	291.82
17720	291.84
17730	291.85
17740	291.86
17750	291.87
17760	291.88
17770	291.9
17780	291.93
17790	291.93
17800	291.94
17810	291.96
17820	291.97
17830	291.98
17840	291.98
17850	291.99
17860	292.0
17870	292.03
17880	292.05
17890	292.06
17900	292.08
17910	292.08
17920	292.1
17930	292.11
17940	292.11
17950	292.12
17960	292.13
17970	292.13
17980	292.13
17990	292.13
18000	292.15
18010	292.16
18020	292.17
18030	292.15
18040	292.15
18050	292.14
18060	292.15
18070	292.15
18080	292.18
18090	292.18
18100	292.21
18110	292.2
18120	292.22
18130	292.24
18140	292.29
18150	292.32
18160	292.33
18170	292.34
18180	292.31
18190	292.31
18200	292.32
18210	292.33
18220	292.31
18230	292.35
18240	292.34
18250	292.36
18260	292.37
18270	292.38
18280	292.41
18290	292.44
18300	292.43
18310	292.44
18320	292.47
18330	292.48
18340	292.49
18350	292.5
18360	292.51
18370	292.51
18380	292.51
18390	292.54
18400	292.53
18410	292.54
18420	292.57
18430	292.57
18440	292.58
18450	292.56
18460	292.61
18470	292.64
18480	292.65
18490	292.66
18500	292.68
18510	292.71
18520	292.72
18530	292.73
18540	292.72
18550	292.75
18560	292.75
18570	292.77
18580	292.77
18590	292.79
18600	292.81
18610	292.78
18620	292.77
18630	292.78
18640	292.8
18650	292.79
18660	292.8
18670	292.82
18680	292.83
18690	292.83
18700	292.84
18710	292.89
18720	292.92
18730	292.9
18740	292.93
18750	292.95
18760	292.97
18770	293.01
18780	293.03
18790	293.04
18800	293.09
18810	293.1
18820	293.12
18830	293.14
18840	293.12
18850	293.12
18860	293.15
18870	293.15
18880	293.19
18890	293.18
18900	293.18
18910	293.18
18920	293.2
18930	293.19
18940	293.21
18950	293.26
18960	293.28
18970	293.29
18980	293.33
18990	293.34
19000	293.35
19010	293.37
19020	293.35
19030	293.37
19040	293.36
19050	293.38
19060	293.39
19070	293.38
19080	293.4
19090	293.41
19100	293.41
19110	293.41
19120	293.44
19130	293.45
19140	293.45
19150	293.47
19160	293.49
19170	293.47
19180	293.46
19190	293.5
19200	293.52
19210	293.53
19220	293.55
19230	293.55
19240	293.54
19250	293.56
19260	293.57
19270	293.57
19280	293.58
19290	293.6
19300	293.62
19310	293.62
19320	293.63
19330	293.62
19340	293.63
19350	293.62
19360	293.61
19370	293.62
19380	293.65
19390	293.65
19400	293.65
19410	293.64
19420	293.66
19430	293.66
19440	293.67
19450	293.69
19460	293.67
19470	293.69
19480	293.69
19490	293.7
19500	293.7
19510	293.72
19520	293.73
19530	293.71
19540	293.71
19550	293.75
19560	293.76
19570	293.77
19580	293.78
19590	293.79
19600	293.81
19610	293.81
19620	293.83
19630	293.85
19640	293.85
19650	293.88
19660	293.88
19670	293.89
19680	293.9
19690	293.91
19700	293.92
19710	293.93
19720	293.95
19730	293.97
19740	293.97
19750	293.99
19760	294.01
19770	294.0
19780	293.98
19790	294.02
19800	294.06
19810	294.04
19820	294.06
19830	294.05
19840	294.07
19850	294.07
19860	294.09
19870	294.08
19880	294.1
19890	294.1
19900	294.11
19910	294.09
19920	294.09
19930	294.11
19940	294.12
19950	294.13
19960	294.13
19970	294.16
19980	294.16
19990	294.14
20000	294.16
20010	294.13
20020	294.12
20030	294.14
20040	294.14
20050	294.17
20060	294.16
20070	294.15
20080	294.17
20090	294.19
20100	294.18
20110	294.21
20120	294.2
20130	294.22
20140	294.26
20150	294.27
20160	294.28
20170	294.3
20180	294.3
20190	294.3
20200	294.32
20210	294.33
20220	294.33
20230	294.34
20240	294.33
20250	294.31
20260	294.31
20270	294.32
20280	294.31
20290	294.29
20300	294.29
20310	294.3
20320	294.3
20330	294.29
20340	294.3
20350	294.32
20360	294.33
20370	294.36
20380	294.34
20390	294.33
20400	294.38
20410	294.37
20420	294.37
20430	294.37
20440	294.39
20450	294.44
20460	294.43
20470	294.44
20480	294.46
20490	294.48
20500	294.51
20510	294.51
20520	294.53
20530	294.53
20540	294.54
20550	294.54
20560	294.53
20570	294.54
20580	294.55
20590	294.56
20600	294.58
20610	294.59
20620	294.58
20630	294.6
20640	294.61
20650	294.63
20660	294.63
20670	294.63
20680	294.63
20690	294.63
20700	294.65
20710	294.65
20720	294.62
20730	294.61
20740	294.61
20750	294.61
20760	294.63
20770	294.64
20780	294.65
20790	294.66
20800	294.66
20810	294.67
20820	294.65
20830	294.65
20840	294.65
20850	294.63
20860	294.65
20870	294.66
20880	294.68
20890	294.69
20900	294.69
20910	294.7
20920	294.72
20930	294.78
20940	294.79
20950	294.79
20960	294.79
20970	294.82
20980	294.85
20990	294.86
21000	294.86
21010	294.87
21020	294.89
21030	294.91
21040	294.97
21050	294.97
21060	294.99
21070	295.0
21080	295.0
21090	295.03
21100	295.07
21110	295.09
21120	295.1
21130	295.12
21140	295.13
21150	295.08
21160	295.1
21170	295.12
21180	295.11
21190	295.14
21200	295.15
21210	295.15
21220	295.15
21230	295.18
21240	295.21
21250	295.22
21260	295.24
21270	295.26
21280	295.28
21290	295.29
21300	295.29
21310	295.3
21320	295.31
21330	295.29
21340	295.31
21350	295.32
21360	295.3
21370	295.35
21380	295.39
21390	295.42
21400	295.44
21410	295.48
21420	295.5
21430	295.52
21440	295.53
21450	295.52
21460	295.51
21470	295.5
21480	295.5
21490	295.5
21500	295.53
21510	295.55
21520	295.58
21530	295.6
21540	295.61
21550	295.61
21560	295.59
21570	295.61
21580	295.63
21590	295.62
21600	295.65
21610	295.67
21620	295.72
21630	295.76
21640	295.8
21650	295.81
21660	295.83
21670	295.83
21680	295.83
21690	295.84
21700	295.85
21710	295.87
21720	295.86
21730	295.89
21740	295.91
21750	295.92
21760	295.93
21770	295.94
21780	295.94
21790	295.96
21800	295.94
21810	295.96
21820	295.97
21830	296.01
21840	296.03
21850	296.05
21860	296.03
21870	296.03
21880	296.02
21890	296.01
21900	295.98
21910	296.01
21920	296.03
21930	296.03
21940	296.03
21950	296.03
21960	296.03
21970	296.05
21980	296.06
21990	296.05
22000	296.02
22010	296.01
22020	296.02
22030	296.02
22040	296.03
22050	296.05
22060	296.06
22070	296.08
22080	296.09
22090	296.09
22100	296.1
22110	296.12
22120	296.11
22130	296.1
22140	296.12
22150	296.11
22160	296.12
22170	296.13
22180	296.13
22190	296.12
22200	296.13
22210	296.14
22220	296.14
22230	296.15
22240	296.15
22250	296.15
22260	296.14
22270	296.14
22280	296.14
22290	296.14
22300	296.13
22310	296.16
22320	296.16
22330	296.16
22340	296.17
22350	296.2
22360	296.21
22370	296.21
22380	296.19
22390	296.17
22400	296.17
22410	296.16
22420	296.19
22430	296.2
22440	296.2
22450	296.21
22460	296.23
22470	296.25
22480	296.25
22490	296.25
22500	296.25
22510	296.25
22520	296.29
22530	296.3
22540	296.29
22550	296.3
22560	296.34
22570	296.33
22580	296.31
22590	296.29
22600	296.29
22610	296.29
22620	296.27
22630	296.28
22640	296.3
22650	296.3
22660	296.3
22670	296.29
22680	296.3
22690	296.32
22700	296.32
22710	296.35
22720	296.35
22730	296.37
22740	296.36
22750	296.36
22760	296.36
22770	296.37
22780	296.36
22790	296.35
22800	296.34
22810	296.39
22820	296.41
22830	296.4
22840	296.41
22850	296.46
22860	296.47
22870	296.45
22880	296.47
22890	296.47
22900	296.47
22910	296.48
22920	296.48
22930	296.47
22940	296.48
22950	296.45
22960	296.46
22970	296.51
22980	296.51
22990	296.53
23000	296.52
23010	296.52
23020	296.55
23030	296.56
23040	296.59
23050	296.59
23060	296.6
23070	296.59
23080	296.61
23090	296.62
23100	296.64
23110	296.64
23120	296.66
23130	296.67
23140	296.7
23150	296.71
23160	296.71
23170	296.72
23180	296.73
23190	296.76
23200	296.77
23210	296.78
23220	296.77
23230	296.76
23240	296.79
23250	296.79
23260	296.81
23270	296.82
23280	296.84
23290	296.85
23300	296.86
23310	296.87
23320	296.85
23330	296.86
23340	296.86
23350	296.87
23360	296.87
23370	296.84
23380	296.84
23390	296.88
23400	296.92
23410	296.93
23420	296.93
23430	296.95
23440	296.97
23450	296.96
23460	296.97
23470	296.97
23480	296.96
23490	296.96
23500	296.96
23510	296.97
23520	296.98
23530	296.98
23540	296.98
23550	297.01
23560	297.04
23570	297.07
23580	297.1
23590	297.12
23600	297.14
23610	297.19
23620	297.2
23630	297.24
23640	297.23
23650	297.26
23660	297.25
23670	297.28
23680	297.28
23690	297.28
23700	297.29
23710	297.29
23720	297.28
23730	297.28
23740	297.29
23750	297.28
23760	297.28
23770	297.32
23780	297.32
23790	297.35
23800	297.36
23810	297.38
23820	297.39
23830	297.41
23840	297.41
23850	297.42
23860	297.44
23870	297.47
23880	297.47
23890	297.49
23900	297.49
23910	297.49
23920	297.49
23930	297.49
23940	297.5
23950	297.52
23960	297.53
23970	297.52
23980	297.52
23990	297.52
24000	297.53
24010	297.53
24020	297.53
24030	297.53
24040	297.55
24050	297.55
24060	297.55
24070	297.55
24080	297.58
24090	297.58
24100	297.6
24110	297.64
24120	297.68
24130	297.68
24140	297.68
24150	297.69
24160	297.67
24170	297.68
24180	297.69
24190	297.72
24200	297.71
24210	297.72
24220	297.74
24230	297.76
24240	297.74
24250	297.77
24260	297.78
24270	297.81
24280	297.79
24290	297.82
24300	297.82
24310	297.86
24320	297.88
24330	297.88
24340	297.89
24350	297.92
24360	297.95
24370	297.93
24380	297.94
24390	297.94
24400	297.97
24410	297.97
24420	297.99
24430	297.99
24440	297.99
24450	297.97
24460	297.94
24470	297.98
24480	297.98
24490	297.98
24500	297.96
24510	297.94
24520	297.98
24530	297.97
24540	297.99
24550	297.98
24560	297.98
24570	297.91
24580	297.93
24590	297.91
24600	297.91
24610	297.93
24620	297.94
24630	297.95
24640	297.98
24650	298.0
24660	298.01
24670	298.04
24680	298.06
24690	298.05
24700	298.03
24710	298.05
24720	298.06
24730	298.08
24740	298.08
24750	298.1
24760	298.1
24770	298.12
24780	298.13
24790	298.14
24800	298.18
24810	298.21
24820	298.22
24830	298.22
24840	298.23
24850	298.22
24860	298.23
24870	298.24
24880	298.23
24890	298.25
24900	298.24
24910	298.28
24920	298.28
24930	298.28
24940	298.28
24950	298.27
24960	298.3
24970	298.3
24980	298.31
24990	298.27
25000	298.25
25010	298.26
25020	298.28
25030	298.29
25040	298.31
25050	298.31
25060	298.35
25070	298.39
25080	298.42
25090	298.42
25100	298.44
25110	298.44
25120	298.44
25130	298.45
25140	298.47
25150	298.49
25160	298.51
25170	298.49
25180	298.48
25190	298.48
25200	298.48
25210	298.5
25220	298.49
25230	298.48
25240	298.5
25250	298.53
25260	298.52
25270	298.51
25280	298.5
25290	298.52
25300	298.52
25310	298.54
25320	298.56
25330	298.57
25340	298.6
25350	298.58
25360	298.58
25370	298.55
25380	298.59
25390	298.59
25400	298.62
25410	298.62
25420	298.62
25430	298.65
25440	298.66
25450	298.64
25460	298.67
25470	298.68
25480	298.68
25490	298.69
25500	298.71
25510	298.74
25520	298.74
25530	298.78
25540	298.82
25550	298.82
25560	298.81
25570	298.82
25580	298.83
25590	298.84
25600	298.85
25610	298.86
25620	298.86
25630	298.86
25640	298.84
25650	298.85
25660	298.88
25670	298.91
25680	298.94
25690	298.95
25700	298.95
25710	298.93
25720	298.95
25730	298.95
25740	298.96
25750	298.97
25760	299.0
25770	299.0
25780	299.02
25790	299.05
25800	299.05
25810	299.06
25820	299.02
25830	299.02
25840	299.05
25850	299.02
25860	299.04
25870	299.06
25880	299.08
25890	299.1
25900	299.11
25910	299.11
25920	299.1
25930	299.1
25940	299.1
25950	299.1
25960	299.1
25970	299.11
25980	299.11
25990	299.12
26000	299.13
26010	299.15
26020	299.13
26030	299.13
26040	299.15
26050	299.16
26060	299.21
26070	299.21
26080	299.23
26090	299.22
26100	299.2
26110	299.22
26120	299.24
26130	299.23
26140	299.22
26150	299.24
26160	299.22
26170	299.19
26180	299.19
26190	299.21
26200	299.21
26210	299.22
26220	299.23
26230	299.24
26240	299.26
26250	299.24
26260	299.24
26270	299.26
26280	299.25
26290	299.25
26300	299.25
26310	299.25
26320	299.24
26330	299.26
26340	299.28
26350	299.27
26360	299.27
26370	299.26
26380	299.26
26390	299.28
26400	299.27
26410	299.28
26420	299.31
26430	299.35
26440	299.37
26450	299.36
26460	299.37
26470	299.37
26480	299.39
26490	299.37
26500	299.36
26510	299.36
26520	299.37
26530	299.36
26540	299.35
26550	299.36
26560	299.36
26570	299.37
26580	299.37
26590	299.36
26600	299.36
26610	299.36
26620	299.35
26630	299.36
26640	299.36
26650	299.4
26660	299.42
26670	299.45
26680	299.46
26690	299.45
26700	299.48
26710	299.5
26720	299.51
26730	299.54
26740	299.55
26750	299.54
26760	299.53
26770	299.53
26780	299.52
26790	299.52
26800	299.53
26810	299.53
26820	299.54
26830	299.54
26840	299.56
26850	299.58
26860	299.58
26870	299.58
26880	299.57
26890	299.59
26900	299.59
26910	299.61
26920	299.59
26930	299.58
26940	299.57
26950	299.57
26960	299.59
26970	299.61
26980	299.6
26990	299.61
27000	299.63
27010	299.63
27020	299.62
27030	299.65
27040	299.65
27050	299.67
27060	299.68
27070	299.69
27080	299.69
27090	299.69
27100	299.69
27110	299.72
27120	299.73
27130	299.73
27140	299.75
27150	299.75
27160	299.77
27170	299.78
27180	299.78
27190	299.77
27200	299.81
27210	299.82
27220	299.82
27230	299.84
27240	299.83
27250	299.84
27260	299.88
27270	299.88
27280	299.89
27290	299.9
27300	299.92
27310	299.93
27320	299.91
27330	299.92
27340	299.93
27350	299.91
27360	299.9
27370	299.91
27380	299.91
27390	299.92
27400	299.92
27410	299.92
27420	299.92
27430	299.94
27440	299.96
27450	299.99
27460	299.98
27470	299.98
27480	299.96
27490	299.98
27500	299.95
27510	299.96
27520	299.97
27530	299.94
27540	299.92
27550	299.93
27560	299.93
27570	299.95
27580	299.95
27590	299.96
27600	300.0
27610	300.01
27620	300.01
27630	300.04
27640	300.05
27650	300.06
27660	300.08
27670	300.13
27680	300.15
27690	300.14
27700	300.17
27710	300.15
27720	300.14
27730	300.15
27740	300.14
27750	300.14
27760	300.17
27770	300.19
27780	300.2
27790	300.22
27800	300.23
27810	300.18
27820	300.19
27830	300.2
27840	300.2
27850	300.19
27860	300.2
27870	300.19
27880	300.22
27890	300.22
27900	300.25
27910	300.23
27920	300.24
27930	300.24
27940	300.25
27950	300.29
27960	300.32
27970	300.3
27980	300.3
27990	300.3
28000	300.33
28010	300.32
28020	300.34
28030	300.33
28040	300.34
28050	300.36
28060	300.34
28070	300.35
28080	300.34
28090	300.34
28100	300.36
28110	300.38
28120	300.39
28130	300.4
28140	300.37
28150	300.36
28160	300.35
28170	300.38
28180	300.34
28190	300.35
28200	300.35
28210	300.34
28220	300.33
28230	300.33
28240	300.35
28250	300.35
28260	300.37
28270	300.37
28280	300.36
28290	300.37
28300	300.35
28310	300.37
28320	300.4
28330	300.39
28340	300.41
28350	300.38
28360	300.39
28370	300.39
28380	300.37
28390	300.38
28400	300.38
28410	300.4
28420	300.42
28430	300.44
28440	300.44
28450	300.45
28460	300.45
28470	300.44
28480	300.44
28490	300.44
28500	300.46
28510	300.45
28520	300.44
28530	300.45
28540	300.48
28550	300.48
28560	300.5
28570	300.5
28580	300.51
28590	300.53
28600	300.54
28610	300.58
28620	300.59
28630	300.59
28640	300.61
28650	300.61
28660	300.63
28670	300.63
28680	300.66
28690	300.69
28700	300.7
28710	300.73
28720	300.73
28730	300.76
28740	300.75
28750	300.78
28760	300.75
28770	300.77
28780	300.78
28790	300.77
28800	300.75
28810	300.76
28820	300.75
28830	300.8
28840	300.81
28850	300.86
28860	300.84
28870	300.85
28880	300.88
28890	300.86
28900	300.85
28910	300.84
28920	300.82
28930	300.84
28940	300.86
28950	300.85
28960	300.86
28970	300.84
28980	300.88
28990	300.89
29000	300.9
29010	300.92
29020	300.92
29030	300.93
29040	300.93
29050	300.93
29060	300.93
29070	300.95
29080	300.93
29090	300.94
29100	300.95
29110	300.96
29120	300.97
29130	300.99
29140	301.0
29150	301.01
29160	301.04
29170	301.05
29180	301.03
29190	301.02
29200	301.07
29210	301.08
29220	301.11
29230	301.13
29240	301.12
29250	301.13
29260	301.14
29270	301.16
29280	301.12
29290	301.15
29300	301.16
29310	301.15
29320	301.16
29330	301.13
29340	301.14
29350	301.16
29360	301.18
29370	301.17
29380	301.17
29390	301.18
29400	301.18
29410	301.22
29420	301.19
29430	301.18
29440	301.17
29450	301.18
29460	301.21
29470	301.21
29480	301.2
29490	301.23
29500	301.25
29510	301.26
29520	301.25
29530	301.23
29540	301.23
29550	301.25
29560	301.24
29570	301.25
29580	301.24
29590	301.24
29600	301.28
29610	301.28
29620	301.26
29630	301.25
29640	301.26
29650	301.27
29660	301.27
29670	301.28
29680	301.3
29690	301.31
29700	301.3
29710	301.31
29720	301.32
29730	301.33
29740	301.34
29750	301.31
29760	301.3
29770	301.32
29780	301.31
29790	301.31
29800	301.31
29810	301.32
29820	301.36
29830	301.36
29840	301.35
29850	301.36
29860	301.37
29870	301.37
29880	301.4
29890	301.4
29900	301.41
29910	301.4
29920	301.4
29930	301.41
29940	301.44
29950	301.46
29960	301.44
29970	301.44
29980	301.46
29990	301.45
30000	301.49
30010	301.51
30020	301.5
30030	301.49
30040	301.51
30050	301.54
30060	301.56
30070	301.6
30080	301.62
30090	301.64
30100	301.66
30110	301.66
30120	301.66
30130	301.64
30140	301.69
30150	301.72
30160	301.73
30170	301.72
30180	301.75
30190	301.75
30200	301.78
30210	301.77
30220	301.76
30230	301.75
30240	301.75
30250	301.78
30260	301.79
30270	301.79
30280	301.82
30290	301.86
30300	301.85
30310	301.84
30320	301.85
30330	301.84
30340	301.86
30350	301.88
30360	301.85
30370	301.84
30380	301.85
30390	301.86
30400	301.87
30410	301.9
30420	301.92
30430	301.93
30440	301.94
30450	301.96
30460	301.95
30470	301.96
30480	301.95
30490	301.98
30500	301.99
30510	302.0
30520	302.04
30530	302.01
30540	302.03
30550	302.03
30560	302.02
30570	302.02
30580	302.05
30590	302.08
30600	302.11
30610	302.11
30620	302.09
30630	302.12
30640	302.1
30650	302.11
30660	302.12
30670	302.12
30680	302.14
30690	302.14
30700	302.18
30710	302.17
30720	302.2
30730	302.2
30740	302.21
30750	302.22
30760	302.21
30770	302.19
30780	302.18
30790	302.2
30800	302.21
30810	302.24
30820	302.26
30830	302.27
30840	302.28
30850	302.31
30860	302.29
30870	302.27
30880	302.27
30890	302.29
30900	302.28
30910	302.27
30920	302.28
30930	302.3
30940	302.3
30950	302.29
30960	302.3
30970	302.28
30980	302.29
30990	302.33
31000	302.33
31010	302.33
31020	302.33
31030	302.36
31040	302.37
31050	302.36
31060	302.36
31070	302.35
31080	302.35
31090	302.35
31100	302.32
31110	302.32
31120	302.33
31130	302.31
31140	302.31
31150	302.31
31160	302.32
31170	302.36
31180	302.36
31190	302.35
31200	302.34
31210	302.34
31220	302.36
31230	302.39
31240	302.38
31250	302.41
31260	302.43
31270	302.43
31280	302.44
31290	302.46
31300	302.47
31310	302.46
31320	302.44
31330	302.44
31340	302.45
31350	302.48
31360	302.5
31370	302.51
31380	302.49
31390	302.48
31400	302.48
31410	302.47
31420	302.48
31430	302.48
31440	302.49
31450	302.48
31460	302.5
31470	302.48
31480	302.5
31490	302.48
31500	302.48
31510	302.49
31520	302.5
31530	302.52
31540	302.53
31550	302.54
31560	302.55
31570	302.56
31580	302.56
31590	302.56
31600	302.59
31610	302.61
31620	302.6
31630	302.58
31640	302.58
31650	302.55
31660	302.57
31670	302.57
31680	302.61
31690	302.63
31700	302.67
31710	302.68
31720	302.66
31730	302.69
31740	302.69
31750	302.7
31760	302.7
31770	302.71
31780	302.71
31790	302.73
31800	302.72
31810	302.75
31820	302.75
31830	302.76
31840	302.78
31850	302.79
31860	302.78
31870	302.79
31880	302.84
31890	302.84
31900	302.86
31910	302.87
31920	302.87
31930	302.88
31940	302.89
31950	302.9
31960	302.91
31970	302.93
31980	302.9
31990	302.93
32000	302.95
32010	302.98
32020	302.98
32030	302.99
32040	303.0
32050	303.03
32060	303.05
32070	303.06
32080	303.06
32090	303.07
32100	303.08
32110	303.12
32120	303.14
32130	303.13
32140	303.13
32150	303.13
32160	303.19
32170	303.21
32180	303.22
32190	303.22
32200	303.2
32210	303.19
32220	303.2
32230	303.21
32240	303.21
32250	303.21
32260	303.22
32270	303.23
32280	303.27
32290	303.28
32300	303.3
32310	303.28
32320	303.33
32330	303.34
32340	303.36
32350	303.35
32360	303.34
32370	303.3
32380	303.29
32390	303.31
32400	303.31
32410	303.33
32420	303.33
32430	303.37
32440	303.35
32450	303.35
32460	303.37
32470	303.42
32480	303.41
32490	303.4
32500	303.42
32510	303.44
32520	303.43
32530	303.41
32540	303.42
32550	303.41
32560	303.44
32570	303.45
32580	303.47
32590	303.48
32600	303.47
32610	303.46
32620	303.48
32630	303.5
32640	303.51
32650	303.51
32660	303.52
32670	303.5
32680	303.5
32690	303.5
32700	303.5
32710	303.49
32720	303.47
32730	303.48
32740	303.48
32750	303.48
32760	303.48
32770	303.5
32780	303.51
32790	303.5
32800	303.5
32810	303.48
32820	303.5
32830	303.51
32840	303.53
32850	303.54
32860	303.55
32870	303.58
32880	303.6
32890	303.58
32900	303.58
32910	303.56
32920	303.56
32930	303.56
32940	303.57
32950	303.59
32960	303.57
32970	303.59
32980	303.61
32990	303.62
33000	303.61
33010	303.65
33020	303.66
33030	303.65
33040	303.66
33050	303.68
33060	303.67
33070	303.68
33080	303.69
33090	303.67
33100	303.68
33110	303.68
33120	303.68
33130	303.69
33140	303.68
33150	303.69
33160	303.7
33170	303.7
33180	303.73
33190	303.73
33200	303.74
33210	303.76
33220	303.76
33230	303.77
33240	303.8
33250	303.78
33260	303.8
33270	303.81
33280	303.83
33290	303.82
33300	303.84
33310	303.86
33320	303.84
33330	303.87
33340	303.89
33350	303.88
33360	303.87
33370	303.88
33380	303.91
33390	303.94
33400	303.95
33410	303.96
33420	303.95
33430	303.97
33440	304.01
33450	304.03
33460	304.05
33470	304.06
33480	304.04
33490	304.04
33500	304.06
33510	304.06
33520	304.09
33530	304.11
33540	304.1
33550	304.1
33560	304.11
33570	304.14
33580	304.13
33590	304.14
33600	304.14
33610	304.15
33620	304.16
33630	304.16
33640	304.19
33650	304.22
33660	304.28
33670	304.22
33680	304.24
33690	304.26
33700	304.31
33710	304.31
33720	304.33
33730	304.36
33740	304.4
33750	304.39
33760	304.4
33770	304.45
33780	304.46
33790	304.48
33800	304.49
33810	304.48
33820	304.49
33830	304.49
33840	304.49
33850	304.49
33860	304.48
33870	304.45
33880	304.49
33890	304.57
33900	304.55
33910	304.58
33920	304.58
33930	304.59
33940	304.57
33950	304.58
33960	304.6
33970	304.62
33980	304.62
33990	304.62
34000	304.65
34010	304.69
34020	304.69
34030	304.72
34040	304.72
34050	304.71
34060	304.71
34070	304.74
34080	304.76
34090	304.78
34100	304.8
34110	304.82
34120	304.8
34130	304.82
34140	304.83
34150	304.84
34160	304.85
34170	304.84
34180	304.83
34190	304.82
34200	304.83
34210	304.85
34220	304.87
34230	304.87
34240	304.89
34250	304.87
34260	304.86
34270	304.89
34280	304.89
34290	304.91
34300	304.93
34310	304.94
34320	304.94
34330	304.95
34340	304.97
34350	304.97
34360	304.99
34370	305.03
34380	305.03
34390	305.06
34400	305.09
34410	305.13
34420	305.14
34430	305.16
34440	305.18
34450	305.21
34460	305.24
34470	305.25
34480	305.26
34490	305.23
34500	305.23
34510	305.22
34520	305.22
34530	305.24
34540	305.27
34550	305.28
34560	305.29
34570	305.28
34580	305.3
34590	305.3
34600	305.33
34610	305.34
34620	305.34
34630	305.35
34640	305.35
34650	305.36
34660	305.37
34670	305.35
34680	305.36
34690	305.36
34700	305.35
34710	305.34
34720	305.33
34730	305.33
34740	305.34
34750	305.36
34760	305.39
34770	305.38
34780	305.38
34790	305.36
34800	305.36
34810	305.39
34820	305.38
34830	305.39
34840	305.41
34850	305.4
34860	305.39
34870	305.42
34880	305.47
34890	305.45
34900	305.45
34910	305.47
34920	305.47
34930	305.46
34940	305.47
34950	305.46
34960	305.44
34970	305.44
34980	305.45
34990	305.44
35000	305.44
35010	305.47
35020	305.5
35030	305.49
35040	305.49
35050	305.45
35060	305.44
35070	305.46
35080	305.47
35090	305.47
35100	305.47
35110	305.48
35120	305.49
35130	305.47
35140	305.45
35150	305.46
35160	305.45
35170	305.44
35180	305.47
35190	305.51
35200	305.51
35210	305.52
35220	305.54
35230	305.58
35240	305.61
35250	305.63
35260	305.64
35270	305.66
35280	305.66
35290	305.68
35300	305.68
35310	305.66
35320	305.67
35330	305.69
35340	305.71
35350	305.73
35360	305.73
35370	305.74
35380	305.74
35390	305.76
35400	305.76
35410	305.76
35420	305.77
35430	305.78
35440	305.76
35450	305.76
35460	305.8
35470	305.79
35480	305.8
35490	305.81
35500	305.84
35510	305.85
35520	305.84
35530	305.86
35540	305.85
35550	305.87
35560	305.89
35570	305.9
35580	305.91
35590	305.91
35600	305.92
35610	305.92
35620	305.91
35630	305.92
35640	305.93
35650	305.95
35660	305.96
35670	305.99
35680	305.99
35690	306.0
35700	306.01
35710	306.02
35720	306.03
35730	306.07
35740	306.09
35750	306.1
35760	306.11
35770	306.14
35780	306.16
35790	306.14
35800	306.13
35810	306.11
35820	306.13
35830	306.15
35840	306.12
35850	306.13
35860	306.12
35870	306.12
35880	306.13
35890	306.16
35900	306.17
35910	306.16
35920	306.18
35930	306.2
35940	306.19
35950	306.19
35960	306.19
35970	306.23
35980	306.23
35990	306.23
36000	306.22
36010	306.21
36020	306.24
36030	306.23
36040	306.24
36050	306.24
36060	306.28
36070	306.28
36080	306.27
36090	306.28
36100	306.28
36110	306.28
36120	306.3
36130	306.3
36140	306.3
36150	306.3
36160	306.34
36170	306.36
36180	306.36
36190	306.39
36200	306.41
36210	306.42
36220	306.46
36230	306.46
36240	306.51
36250	306.5
36260	306.5
36270	306.51
36280	306.49
36290	306.51
36300	306.5
36310	306.54
36320	306.58
36330	306.57
36340	306.54
36350	306.55
36360	306.56
36370	306.56
36380	306.55
36390	306.58
36400	306.59
36410	306.59
36420	306.6
36430	306.61
36440	306.61
36450	306.61
36460	306.63
36470	306.63
36480	306.64
36490	306.65
36500	306.66
36510	306.7
36520	306.68
36530	306.71
36540	306.71
36550	306.74
36560	306.76
36570	306.77
36580	306.78
36590	306.79
36600	306.78
36610	306.78
36620	306.78
36630	306.8
36640	306.8
36650	306.82
36660	306.82
36670	306.84
36680	306.84
36690	306.86
36700	306.89
36710	306.89
36720	306.91
36730	306.92
36740	306.92
36750	306.94
36760	306.95
36770	306.98
36780	306.99
36790	306.96
36800	306.98
36810	306.98
36820	306.99
36830	306.98
36840	306.99
36850	306.99
36860	306.97
36870	306.98
36880	306.96
36890	306.94
36900	306.94
36910	306.97
36920	306.96
36930	306.98
36940	307.01
36950	307.01
36960	307.05
36970	307.06
36980	307.08
36990	307.08
37000	307.11
37010	307.11
37020	307.12
37030	307.13
37040	307.11
37050	307.15
37060	307.15
37070	307.16
37080	307.16
37090	307.18
37100	307.21
37110	307.19
37120	307.2
37130	307.25
37140	307.26
37150	307.29
37160	307.31
37170	307.3
37180	307.28
37190	307.29
37200	307.28
37210	307.32
37220	307.34
37230	307.33
37240	307.35
37250	307.38
37260	307.4
37270	307.43
37280	307.42
37290	307.44
37300	307.46
37310	307.48
37320	307.5
37330	307.52
37340	307.54
37350	307.54
37360	307.57
37370	307.57
37380	307.58
37390	307.6
37400	307.59
37410	307.62
37420	307.62
37430	307.63
37440	307.65
37450	307.66
37460	307.67
37470	307.68
37480	307.67
37490	307.67
37500	307.68
37510	307.69
37520	307.7
37530	307.71
37540	307.74
37550	307.75
37560	307.77
37570	307.75
37580	307.76
37590	307.77
37600	307.75
37610	307.75
37620	307.73
37630	307.75
37640	307.75
37650	307.76
37660	307.75
37670	307.75
37680	307.76
37690	307.77
37700	307.78
37710	307.77
37720	307.77
37730	307.77
37740	307.78
37750	307.77
37760	307.78
37770	307.79
37780	307.82
37790	307.82
37800	307.82
37810	307.82
37820	307.83
37830	307.82
37840	307.83
37850	307.84
37860	307.85
37870	307.85
37880	307.84
37890	307.84
37900	307.87
37910	307.9
37920	307.9
37930	307.91
37940	307.92
37950	307.92
37960	307.9
37970	307.93
37980	307.95
37990	307.96
38000	307.98
38010	307.97
38020	308.0
38030	308.02
38040	308.05
38050	308.06
38060	308.05
38070	308.05
38080	308.08
38090	308.09
38100	308.08
38110	308.11
38120	308.11
38130	308.12
38140	308.12
38150	308.1
38160	308.15
38170	308.17
38180	308.18
38190	308.19
38200	308.2
38210	308.21
38220	308.21
38230	308.23
38240	308.22
38250	308.2
38260	308.19
38270	308.23
38280	308.18
38290	308.2
38300	308.18
38310	308.16
38320	308.16
38330	308.16
38340	308.15
38350	308.14
38360	308.14
38370	308.15
38380	308.16
38390	308.15
38400	308.22
38410	308.23
38420	308.24
38430	308.25
38440	308.25
38450	308.27
38460	308.25
38470	308.28
38480	308.28
38490	308.29
38500	308.3
38510	308.3
38520	308.3
38530	308.28
38540	308.28
38550	308.3
38560	308.3
38570	308.26
38580	308.27
38590	308.28
38600	308.3
38610	308.3
38620	308.32
38630	308.32
38640	308.33
38650	308.31
38660	308.34
38670	308.34
38680	308.35
38690	308.36
38700	308.34
38710	308.33
38720	308.36
38730	308.38
38740	308.38
38750	308.37
38760	308.36
38770	308.36
38780	308.39
38790	308.39
38800	308.38
38810	308.39
38820	308.37
38830	308.39
38840	308.4
38850	308.44
38860	308.47
38870	308.47
38880	308.47
38890	308.46
38900	308.48
38910	308.46
38920	308.45
38930	308.45
38940	308.46
38950	308.48
38960	308.48
38970	308.49
38980	308.5
38990	308.53
39000	308.55
39010	308.55
39020	308.56
39030	308.53
39040	308.54
39050	308.51
39060	308.52
39070	308.53
39080	308.53
39090	308.56
39100	308.61
39110	308.61
39120	308.59
39130	308.59
39140	308.63
39150	308.65
39160	308.7
39170	308.71
39180	308.69
39190	308.71
39200	308.73
39210	308.72
39220	308.74
39230	308.75
39240	308.78
39250	308.79
39260	308.79
39270	308.79
39280	308.81
39290	308.83
39300	308.84
39310	308.84
39320	308.82
39330	308.85
39340	308.86
39350	308.86
39360	308.83
39370	308.84
39380	308.84
39390	308.84
39400	308.83
39410	308.87
39420	308.9
39430	308.88
39440	308.9
39450	308.9
39460	308.89
39470	308.87
39480	308.89
39490	308.91
39500	308.9
39510	308.93
39520	308.93
39530	308.94
39540	308.92
39550	308.91
39560	308.92
39570	308.94
39580	308.93
39590	308.93
39600	308.95
39610	308.95
39620	308.97
39630	308.98
39640	308.97
39650	308.98
39660	308.99
39670	308.98
39680	309.04
39690	309.03
39700	309.03
39710	309.04
39720	309.07
39730	309.1
39740	309.11
39750	309.12
39760	309.15
39770	309.13
39780	309.13
39790	309.12
39800	309.14
39810	309.14
39820	309.16
39830	309.19
39840	309.21
39850	309.23
39860	309.23
39870	309.24
39880	309.25
39890	309.26
39900	309.26
39910	309.26
39920	309.25
39930	309.26
39940	309.28
39950	309.29
39960	309.3
39970	309.29
39980	309.29
39990	309.27
40000	309.25
40010	309.26
40020	309.26
40030	309.25
40040	309.27
40050	309.29
40060	309.28
40070	309.29
40080	309.32
40090	309.32
40100	309.33
40110	309.35
40120	309.35
40130	309.36
40140	309.38
40150	309.39
40160	309.41
40170	309.39
40180	309.41
40190	309.39
40200	309.44
40210	309.45
40220	309.51
40230	309.53
40240	309.56
40250	309.54
40260	309.52
40270	309.54
40280	309.56
40290	309.57
40300	309.56
40310	309.56
40320	309.57
40330	309.56
40340	309.56
40350	309.57
40360	309.56
40370	309.56
40380	309.55
40390	309.57
40400	309.57
40410	309.63
40420	309.65
40430	309.66
40440	309.68
40450	309.69
40460	309.68
40470	309.72
40480	309.73
40490	309.75
40500	309.77
40510	309.78
40520	309.79
40530	309.8
40540	309.81
40550	309.83
40560	309.89
40570	309.89
40580	309.89
40590	309.87
40600	309.88
40610	309.87
40620	309.88
40630	309.88
40640	309.88
40650	309.87
40660	309.86
40670	309.85
40680	309.85
40690	309.88
40700	309.89
40710	309.9
40720	309.89
40730	309.9
40740	309.89
40750	309.9
40760	309.91
40770	309.94
40780	309.93
40790	309.92
40800	309.93
40810	309.94
40820	309.92
40830	309.93
40840	309.93
40850	309.95
40860	309.96
40870	310.0
40880	310.01
40890	310.05
40900	310.09
40910	310.11
40920	310.1
40930	310.1
40940	310.09
40950	310.1
40960	310.09
40970	310.09
40980	310.12
40990	310.13
41000	310.13
41010	310.15
41020	310.13
41030	310.13
41040	310.15
41050	310.13
41060	310.15
41070	310.12
41080	310.12
41090	310.12
41100	310.12
41110	310.12
41120	310.13
41130	310.1
41140	310.11
41150	310.14
41160	310.15
41170	310.17
41180	310.17
41190	310.2
41200	310.16
41210	310.19
41220	310.19
41230	310.2
41240	310.2
41250	310.2
41260	310.21
41270	310.23
41280	310.24
41290	310.24
41300	310.25
41310	310.26
41320	310.24
41330	310.25
41340	310.25
41350	310.28
41360	310.29
41370	310.29
41380	310.3
41390	310.31
41400	310.32
41410	310.36
41420	310.39
41430	310.41
41440	310.44
41450	310.47
41460	310.47
41470	310.47
41480	310.48
41490	310.47
41500	310.49
41510	310.5
41520	310.5
41530	310.51
41540	310.51
41550	310.49
41560	310.5
41570	310.53
41580	310.55
41590	310.56
41600	310.56
41610	310.56
41620	310.56
41630	310.55
41640	310.54
41650	310.56
41660	310.59
41670	310.62
41680	310.64
41690	310.64
41700	310.63
41710	310.63
41720	310.66
41730	310.67
41740	310.68
41750	310.71
41760	310.71
41770	310.7
41780	310.71
41790	310.66
41800	310.66
41810	310.67
41820	310.66
41830	310.66
41840	310.65
41850	310.66
41860	310.65
41870	310.64
41880	310.64
41890	310.65
41900	310.64
41910	310.67
41920	310.66
41930	310.65
41940	310.66
41950	310.68
41960	310.68
41970	310.69
41980	310.69
41990	310.7
42000	310.71
42010	310.73
42020	310.74
42030	310.77
42040	310.77
42050	310.79
42060	310.78
42070	310.79
42080	310.82
42090	310.82
42100	310.83
42110	310.82
42120	310.83
42130	310.84
42140	310.83
42150	310.83
42160	310.82
42170	310.83
42180	310.87
42190	310.88
42200	310.91
42210	310.94
42220	310.94
42230	310.95
42240	310.94
42250	310.96
42260	310.99
42270	311.0
42280	311.02
42290	310.99
42300	310.98
42310	310.96
42320	310.96
42330	310.97
42340	310.98
42350	310.99
42360	311.01
42370	311.01
42380	311.02
42390	311.05
42400	311.05
42410	311.04
42420	311.05
42430	311.05
42440	311.08
42450	311.11
42460	311.12
42470	311.14
42480	311.13
42490	311.13
42500	311.13
42510	311.15
42520	311.17
42530	311.23
42540	311.23
42550	311.24
42560	311.25
42570	311.24
42580	311.27
42590	311.26
42600	311.3
42610	311.3
42620	311.32
42630	311.34
42640	311.38
42650	311.37
42660	311.39
42670	311.41
42680	311.44
42690	311.44
42700	311.43
42710	311.45
42720	311.45
42730	311.46
42740	311.47
42750	311.48
42760	311.47
42770	311.5
42780	311.47
42790	311.52
42800	311.54
42810	311.54
42820	311.53
42830	311.54
42840	311.55
42850	311.54
42860	311.56
42870	311.55
42880	311.58
42890	311.56
42900	311.58
42910	311.61
42920	311.62
42930	311.64
42940	311.67
42950	311.68
42960	311.65
42970	311.65
42980	311.63
42990	311.65
43000	311.66
43010	311.68
43020	311.68
43030	311.69
43040	311.69
43050	311.72
43060	311.74
43070	311.74
43080	311.75
43090	311.74
43100	311.76
43110	311.78
43120	311.77
43130	311.83
43140	311.86
43150	311.9
43160	311.9
43170	311.91
43180	311.91
43190	311.91
43200	311.91
43210	311.93
43220	311.95
43230	311.95
43240	311.94
43250	311.97
43260	311.99
43270	311.99
43280	312.01
43290	312.05
43300	312.05
43310	312.07
43320	312.06
43330	312.06
43340	312.06
43350	312.07
43360	312.06
43370	312.06
43380	312.08
43390	312.12
43400	312.12
43410	312.11
43420	312.08
43430	312.09
43440	312.11
43450	312.12
43460	312.15
43470	312.15
43480	312.16
43490	312.16
43500	312.15
43510	312.17
43520	312.2
43530	312.18
43540	312.19
43550	312.22
43560	312.24
43570	312.26
43580	312.26
43590	312.26
43600	312.29
43610	312.29
43620	312.28
43630	312.32
43640	312.32
43650	312.31
43660	312.31
43670	312.35
43680	312.36
43690	312.38
43700	312.4
43710	312.41
43720	312.43
43730	312.46
43740	312.44
43750	312.47
43760	312.48
43770	312.5
43780	312.49
43790	312.51
43800	312.52
43810	312.52
43820	312.57
43830	312.57
43840	312.56
43850	312.57
43860	312.57
43870	312.58
43880	312.59
43890	312.58
43900	312.59
43910	312.61
43920	312.64
43930	312.66
43940	312.64
43950	312.63
43960	312.64
43970	312.66
43980	312.68
43990	312.69
44000	312.71
44010	312.73
44020	312.75
44030	312.76
44040	312.76
44050	312.75
44060	312.77
44070	312.79
44080	312.8
44090	312.79
44100	312.8
44110	312.77
44120	312.74
44130	312.75
44140	312.76
44150	312.75
44160	312.78
44170	312.78
44180	312.8
44190	312.79
44200	312.77
44210	312.76
44220	312.78
44230	312.79
44240	312.79
44250	312.8
44260	312.82
44270	312.83
44280	312.82
44290	312.83
44300	312.85
44310	312.86
44320	312.87
44330	312.86
44340	312.88
44350	312.87
44360	312.88
44370	312.89
44380	312.91
44390	312.92
44400	312.93
44410	312.92
44420	312.94
44430	312.94
44440	312.94
44450	312.95
44460	312.96
44470	312.97
44480	312.99
44490	312.99
44500	313.02
44510	313.0
44520	313.01
44530	313.01
44540	312.99
44550	313.01
44560	313.02
44570	313.05
44580	313.05
44590	313.05
44600	313.07
44610	313.04
44620	313.04
44630	313.06
44640	313.04
44650	313.06
44660	313.06
44670	313.07
44680	313.06
44690	313.06
44700	313.04
44710	313.01
44720	313.03
44730	313.01
44740	313.01
44750	313.02
44760	313.02
44770	313.03
44780	313.05
44790	313.05
44800	313.07
44810	313.08
44820	313.08
44830	313.12
44840	313.12
44850	313.14
44860	313.16
44870	313.2
44880	313.2
44890	313.19
44900	313.19
44910	313.21
44920	313.25
44930	313.25
44940	313.25
44950	313.25
44960	313.26
44970	313.28
44980	313.3
44990	313.32
45000	313.32
45010	313.32
45020	313.35
45030	313.35
45040	313.38
45050	313.41
45060	313.38
45070	313.38
45080	313.43
45090	313.43
45100	313.43
45110	313.41
45120	313.42
45130	313.39
45140	313.39
45150	313.39
45160	313.39
45170	313.42
45180	313.42
45190	313.41
45200	313.42
45210	313.47
45220	313.49
45230	313.5
45240	313.52
45250	313.52
45260	313.53
45270	313.51
45280	313.51
45290	313.48
45300	313.5
45310	313.5
45320	313.54
45330	313.54
45340	313.54
45350	313.58
45360	313.6
45370	313.61
45380	313.63
45390	313.65
45400	313.65
45410	313.64
45420	313.67
45430	313.67
45440	313.69
45450	313.7
45460	313.71
45470	313.73
45480	313.71
45490	313.72
45500	313.72
45510	313.74
45520	313.72
45530	313.73
45540	313.74
45550	313.75
45560	313.76
45570	313.78
45580	313.77
45590	313.76
45600	313.78
45610	313.82
45620	313.85
45630	313.86
45640	313.87
45650	313.88
45660	313.9
45670	313.91
45680	313.91
45690	313.91
45700	313.91
45710	313.91
45720	313.92
45730	313.96
45740	313.95
45750	313.95
45760	313.96
45770	313.97
45780	313.99
45790	314.02
45800	314.04
45810	314.03
45820	314.05
45830	314.04
45840	314.05
45850	314.04
45860	314.02
45870	314.02
45880	314.0
45890	314.0
45900	314.01
45910	314.01
45920	314.01
45930	314.0
45940	313.99
45950	313.98
45960	314.0
45970	314.03
45980	314.02
45990	314.02
46000	314.03
46010	314.08
46020	314.1
46030	314.1
46040	314.11
46050	314.13
46060	314.16
46070	314.16
46080	314.19
46090	314.18
46100	314.21
46110	314.21
46120	314.19
46130	314.21
46140	314.21
46150	314.24
46160	314.23
46170	314.24
46180	314.26
46190	314.27
46200	314.25
46210	314.28
46220	314.28
46230	314.28
46240	314.26
46250	314.28
46260	314.29
46270	314.31
46280	314.3
46290	314.34
46300	314.33
46310	314.35
46320	314.34
46330	314.35
46340	314.36
46350	314.37
46360	314.34
46370	314.32
46380	314.29
46390	314.28
46400	314.3
46410	314.31
46420	314.35
46430	314.36
46440	314.37
46450	314.39
46460	314.41
46470	314.44
46480	314.48
46490	314.5
46500	314.52
46510	314.51
46520	314.54
46530	314.58
46540	314.56
46550	314.53
46560	314.54
46570	314.58
46580	314.6
46590	314.64
46600	314.66
46610	314.66
46620	314.69
46630	314.69
46640	314.69
46650	314.69
46660	314.67
46670	314.66
46680	314.68
46690	314.68
46700	314.69
46710	314.69
46720	314.71
46730	314.71
46740	314.71
46750	314.69
46760	314.7
46770	314.71
46780	314.72
46790	314.75
46800	314.76
46810	314.81
46820	314.85
46830	314.85
46840	314.83
46850	314.82
46860	314.83
46870	314.83
46880	314.86
46890	314.9
46900	314.91
46910	314.92
46920	314.93
46930	314.94
46940	314.91
46950	314.91
46960	314.88
46970	314.85
46980	314.85
46990	314.88
47000	314.9
47010	314.9
47020	314.89
47030	314.89
47040	314.89
47050	314.89
47060	314.88
47070	314.91
47080	314.88
47090	314.91
47100	314.92
47110	314.9
47120	314.93
47130	314.94
47140	314.96
47150	314.98
47160	315.01
47170	314.99
47180	314.99
47190	314.98
47200	314.99
47210	315.03
47220	315.03
47230	315.04
47240	315.06
47250	315.09
47260	315.11
47270	315.08
47280	315.09
47290	315.11
47300	315.13
47310	315.1
47320	315.11
47330	315.13
47340	315.13
47350	315.17
47360	315.17
47370	315.21
47380	315.24
47390	315.25
47400	315.25
47410	315.27
47420	315.29
47430	315.32
47440	315.34
47450	315.34
47460	315.35
47470	315.37
47480	315.4
47490	315.43
47500	315.45
47510	315.45
47520	315.47
47530	315.46
47540	315.46
47550	315.45
47560	315.42
47570	315.43
47580	315.43
47590	315.44
47600	315.44
47610	315.44
47620	315.47
47630	315.49
47640	315.48
47650	315.47
47660	315.46
47670	315.47
47680	315.46
47690	315.5
47700	315.52
47710	315.56
47720	315.56
47730	315.56
47740	315.57
47750	315.57
47760	315.6
47770	315.58
47780	315.62
47790	315.62
47800	315.62
47810	315.62
47820	315.63
47830	315.64
47840	315.62
47850	315.61
47860	315.61
47870	315.64
47880	315.66
47890	315.65
47900	315.6
47910	315.63
47920	315.61
47930	315.64
47940	315.64
47950	315.63
47960	315.64
47970	315.64
47980	315.62
47990	315.65
48000	315.66
48010	315.64
48020	315.66
48030	315.69
48040	315.73
48050	315.73
48060	315.76
48070	315.77
48080	315.78
48090	315.79
48100	315.81
48110	315.81
48120	315.84
48130	315.87
48140	315.87
48150	315.88
48160	315.86
48170	315.89
48180	315.9
48190	315.94
48200	315.95
48210	315.98
48220	315.99
48230	315.99
48240	316.0
48250	316.0
48260	316.0
48270	315.98
48280	315.98
48290	316.02
48300	316.06
48310	316.07
48320	316.1
48330	316.11
48340	316.11
48350	316.1
48360	316.09
48370	316.11
48380	316.09
48390	316.1
48400	316.13
48410	316.11
48420	316.12
48430	316.15
48440	316.15
48450	316.16
48460	316.18
48470	316.22
48480	316.23
48490	316.25
48500	316.27
48510	316.28
48520	316.31
48530	316.31
48540	316.3
48550	316.31
48560	316.33
48570	316.33
48580	316.35
48590	316.36
48600	316.37
48610	316.36
48620	316.37
48630	316.37
48640	316.36
48650	316.37
48660	316.39
48670	316.39
48680	316.39
48690	316.4
48700	316.42
48710	316.44
48720	316.43
48730	316.44
48740	316.43
48750	316.44
48760	316.49
48770	316.48
48780	316.48
48790	316.51
48800	316.51
48810	316.52
48820	316.49
48830	316.47
48840	316.47
48850	316.45
48860	316.46
48870	316.46
48880	316.47
48890	316.49
48900	316.5
48910	316.5
48920	316.49
48930	316.51
48940	316.5
48950	316.54
48960	316.54
48970	316.52
48980	316.53
48990	316.52
49000	316.52
49010	316.54
49020	316.53
49030	316.53
49040	316.55
49050	316.57
49060	316.56
49070	316.56
49080	316.56
49090	316.53
49100	316.52
49110	316.52
49120	316.56
49130	316.59
49140	316.6
49150	316.61
49160	316.6
49170	316.61
49180	316.62
49190	316.63
49200	316.63
49210	316.64
49220	316.68
49230	316.7
49240	316.75
49250	316.73
49260	316.74
49270	316.75
49280	316.73
49290	316.74
49300	316.76
49310	316.77
49320	316.77
49330	316.81
49340	316.86
49350	316.89
49360	316.9
49370	316.88
49380	316.9
49390	316.89
49400	316.91
49410	316.91
49420	316.94
49430	316.95
49440	316.97
49450	316.96
49460	316.97
49470	316.97
49480	317.0
49490	317.02
49500	317.02
49510	317.02
49520	317.02
49530	317.02
49540	317.03
49550	317.06
49560	317.09
49570	317.1
49580	317.14
49590	317.17
49600	317.17
49610	317.17
49620	317.19
49630	317.21
49640	317.21
49650	317.21
49660	317.19
49670	317.22
49680	317.21
49690	317.22
49700	317.23
49710	317.22
49720	317.22
49730	317.23
49740	317.23
49750	317.24
49760	317.25
49770	317.25
49780	317.26
49790	317.27
49800	317.3
49810	317.29
49820	317.29
49830	317.29
49840	317.3
49850	317.26
49860	317.28
49870	317.27
49880	317.27
49890	317.25
49900	317.28
49910	317.29
49920	317.29
49930	317.29
49940	317.3
49950	317.33
49960	317.33
49970	317.34
49980	317.34
49990	317.36
50000	317.37
50010	317.4
50020	317.44
50030	317.45
50040	317.45
50050	317.51
50060	317.51
50070	317.46
50080	317.48
50090	317.48
50100	317.5
50110	317.54
50120	317.54
50130	317.54
50140	317.55
50150	317.56
50160	317.54
50170	317.52
50180	317.52
50190	317.52
50200	317.53
50210	317.55
50220	317.56
50230	317.57
50240	317.58
50250	317.59
50260	317.59
50270	317.59
50280	317.59
50290	317.59
50300	317.59
50310	317.59
50320	317.55
50330	317.57
50340	317.59
50350	317.59
50360	317.6
50370	317.59
50380	317.61
50390	317.63
50400	317.64
50410	317.65
50420	317.65
50430	317.67
50440	317.66
50450	317.67
50460	317.67
50470	317.67
50480	317.63
50490	317.63
50500	317.63
50510	317.62
50520	317.61
50530	317.63
50540	317.62
50550	317.61
50560	317.63
50570	317.61
50580	317.63
50590	317.62
50600	317.62
50610	317.64
50620	317.65
50630	317.68
50640	317.66
50650	317.7
50660	317.72
50670	317.74
50680	317.76
50690	317.78
50700	317.8
50710	317.82
50720	317.81
50730	317.82
50740	317.81
50750	317.81
50760	317.8
50770	317.79
50780	317.79
50790	317.83
50800	317.81
50810	317.8
50820	317.81
50830	317.81
50840	317.81
50850	317.85
50860	317.85
50870	317.88
50880	317.88
50890	317.89
50900	317.9
50910	317.9
50920	317.91
50930	317.89
50940	317.91
50950	317.93
50960	317.94
50970	317.95
50980	317.96
50990	317.95
51000	317.94
51010	317.94
51020	317.98
51030	318.0
51040	318.02
51050	318.02
51060	318.02
51070	318.02
51080	318.04
51090	318.03
51100	318.04
51110	318.06
51120	318.08
51130	318.08
51140	318.11
51150	318.12
51160	318.12
51170	318.15
51180	318.17
51190	318.2
51200	318.18
51210	318.19
51220	318.23
51230	318.21
51240	318.23
51250	318.25
51260	318.28
51270	318.3
51280	318.3
51290	318.28
51300	318.27
51310	318.28
51320	318.32
51330	318.33
51340	318.31
51350	318.31
51360	318.3
51370	318.32
51380	318.33
51390	318.32
51400	318.32
51410	318.32
51420	318.33
51430	318.33
51440	318.34
51450	318.32
51460	318.33
51470	318.33
51480	318.34
51490	318.33
51500	318.33
51510	318.32
51520	318.33
51530	318.35
51540	318.34
51550	318.31
51560	318.33
51570	318.36
51580	318.35
51590	318.35
51600	318.37
51610	318.38
51620	318.4
51630	318.41
51640	318.42
51650	318.44
51660	318.44
51670	318.43
51680	318.46
51690	318.45
51700	318.44
51710	318.45
51720	318.47
51730	318.47
51740	318.47
51750	318.48
51760	318.48
51770	318.49
51780	318.49
51790	318.51
51800	318.5
51810	318.52
51820	318.51
51830	318.52
51840	318.52
51850	318.52
51860	318.53
51870	318.54
51880	318.55
51890	318.59
51900	318.61
51910	318.63
51920	318.65
51930	318.65
51940	318.69
51950	318.7
51960	318.7
51970	318.67
51980	318.67
51990	318.7
52000	318.69
52010	318.71
52020	318.73
52030	318.72
52040	318.74
52050	318.72
52060	318.73
52070	318.76
52080	318.8
52090	318.81
52100	318.81
52110	318.85
52120	318.88
52130	318.89
52140	318.89
52150	318.9
52160	318.9
52170	318.9
52180	318.94
52190	318.92
52200	318.95
52210	318.95
52220	318.98
52230	318.98
52240	318.96
52250	319.01
52260	319.0
52270	319.0
52280	319.0
52290	319.01
52300	319.0
52310	319.03
52320	319.04
52330	319.05
52340	319.06
52350	319.09
52360	319.06
52370	319.07
52380	319.07
52390	319.1
52400	319.13
52410	319.12
52420	319.15
52430	319.16
52440	319.14
52450	319.12
52460	319.11
52470	319.09
52480	319.11
52490	319.12
52500	319.11
52510	319.09
52520	319.1
52530	319.08
52540	319.12
52550	319.13
52560	319.15
52570	319.16
52580	319.13
52590	319.14
52600	319.16
52610	319.17
52620	319.17
52630	319.17
52640	319.18
52650	319.19
52660	319.19
52670	319.2
52680	319.2
52690	319.22
52700	319.24
52710	319.27
52720	319.27
52730	319.28
52740	319.27
52750	319.32
52760	319.35
52770	319.36
52780	319.39
52790	319.39
52800	319.39
52810	319.39
52820	319.41
52830	319.41
52840	319.43
52850	319.42
52860	319.42
52870	319.4
52880	319.42
52890	319.43
52900	319.44
52910	319.46
52920	319.48
52930	319.51
52940	319.55
52950	319.53
52960	319.52
52970	319.53
52980	319.51
52990	319.49
53000	319.49
53010	319.46
53020	319.48
53030	319.48
53040	319.49
53050	319.5
53060	319.48
53070	319.46
53080	319.48
53090	319.48
53100	319.48
53110	319.5
53120	319.51
53130	319.56
53140	319.61
53150	319.6
53160	319.62
53170	319.66
53180	319.68
53190	319.68
53200	319.68
53210	319.7
53220	319.69
53230	319.68
53240	319.68
53250	319.64
53260	319.65
53270	319.64
53280	319.63
53290	319.64
53300	319.68
53310	319.71
53320	319.72
53330	319.71
53340	319.7
53350	319.72
53360	319.75
53370	319.75
53380	319.77
53390	319.77
53400	319.78
53410	319.81
53420	319.81
53430	319.82
53440	319.86
53450	319.86
53460	319.88
53470	319.91
53480	319.93
53490	319.91
53500	319.95
53510	319.96
53520	320.0
53530	319.98
53540	319.98
53550	319.99
53560	320.0
53570	320.0
53580	319.99
53590	319.96
53600	319.97
53610	319.96
53620	319.95
53630	319.94
53640	319.94
53650	319.94
53660	319.97
53670	319.99
53680	319.99
53690	320.02
53700	320.04
53710	320.04
53720	320.05
53730	320.06
53740	320.07
53750	320.11
53760	320.13
53770	320.12
53780	320.12
53790	320.14
53800	320.14
53810	320.13
53820	320.18
53830	320.18
53840	320.2
53850	320.21
53860	320.2
53870	320.19
53880	320.18
53890	320.17
53900	320.17
53910	320.16
53920	320.15
53930	320.17
53940	320.17
53950	320.17
53960	320.18
53970	320.21
53980	320.21
53990	320.23
54000	320.23
54010	320.26
54020	320.28
54030	320.32
54040	320.33
54050	320.31
54060	320.35
54070	320.34
54080	320.33
54090	320.32
54100	320.33
54110	320.35
54120	320.35
54130	320.35
54140	320.36
54150	320.38
54160	320.41
54170	320.41
54180	320.4
54190	320.44
54200	320.42
54210	320.41
54220	320.41
54230	320.4
54240	320.4
54250	320.39
54260	320.36
54270	320.36
54280	320.34
54290	320.32
54300	320.34
54310	320.36
54320	320.36
54330	320.36
54340	320.36
54350	320.38
54360	320.4
54370	320.38
54380	320.38
54390	320.39
54400	320.41
54410	320.36
54420	320.37
54430	320.36
54440	320.35
54450	320.36
54460	320.35
54470	320.37
54480	320.38
54490	320.4
54500	320.39
54510	320.41
54520	320.41
54530	320.41
54540	320.41
54550	320.39
54560	320.44
54570	320.43
54580	320.44
54590	320.46
54600	320.48
54610	320.5
54620	320.51
54630	320.5
54640	320.53
54650	320.57
54660	320.57
54670	320.58
54680	320.6
54690	320.62
54700	320.65
54710	320.64
54720	320.66
54730	320.67
54740	320.69
54750	320.7
54760	320.72
54770	320.73
54780	320.75
54790	320.72
54800	320.72
54810	320.74
54820	320.74
54830	320.75
54840	320.76
54850	320.75
54860	320.76
54870	320.74
54880	320.78
54890	320.82
54900	320.84
54910	320.86
54920	320.85
54930	320.86
54940	320.91
54950	320.95
54960	320.95
54970	320.94
54980	320.94
54990	320.97
55000	320.99
55010	321.03
55020	321.03
55030	321.05
55040	321.02
55050	321.0
55060	321.01
55070	320.98
55080	320.97
55090	320.97
55100	320.97
55110	321.0
55120	321.02
55130	321.02
55140	321.03
55150	321.02
55160	321.04
55170	321.04
55180	321.07
55190	321.08
55200	321.09
55210	321.06
55220	321.06
55230	321.08
55240	321.11
55250	321.13
55260	321.12
55270	321.11
55280	321.13
55290	321.15
55300	321.16
55310	321.18
55320	321.18
55330	321.2
55340	321.2
55350	321.22
55360	321.24
55370	321.23
55380	321.22
55390	321.21
55400	321.22
55410	321.22
55420	321.24
55430	321.24
55440	321.25
55450	321.27
55460	321.26
55470	321.26
55480	321.24
55490	321.24
55500	321.26
55510	321.27
55520	321.29
55530	321.3
55540	321.32
55550	321.31
55560	321.34
55570	321.32
55580	321.33
55590	321.33
55600	321.36
55610	321.34
55620	321.33
55630	321.34
55640	321.34
55650	321.35
55660	321.36
55670	321.38
55680	321.34
55690	321.31
55700	321.3
55710	321.3
55720	321.27
55730	321.3
55740	321.31
55750	321.35
55760	321.36
55770	321.38
55780	321.4
55790	321.41
55800	321.46
55810	321.5
55820	321.47
55830	321.47
55840	321.47
55850	321.48
55860	321.48
55870	321.48
55880	321.5
55890	321.49
55900	321.51
55910	321.53
55920	321.54
55930	321.53
55940	321.56
55950	321.54
55960	321.57
55970	321.59
55980	321.62
55990	321.64
56000	321.68
56010	321.68
56020	321.72
56030	321.71
56040	321.75
56050	321.76
56060	321.78
56070	321.76
56080	321.78
56090	321.77
56100	321.8
56110	321.79
56120	321.76
56130	321.76
56140	321.76
56150	321.78
56160	321.81
56170	321.83
56180	321.8
56190	321.79
56200	321.76
56210	321.79
56220	321.79
56230	321.79
56240	321.79
56250	321.8
56260	321.81
56270	321.84
56280	321.87
56290	321.88
56300	321.89
56310	321.9
56320	321.91
56330	321.93
56340	321.93
56350	321.94
56360	321.96
56370	321.96
56380	321.98
56390	321.98
56400	321.98
56410	321.98
56420	321.96
56430	321.97
56440	321.96
56450	322.0
56460	322.01
56470	322.0
56480	322.0
56490	321.99
56500	322.01
56510	322.04
56520	322.04
56530	322.05
56540	322.07
56550	322.07
56560	322.05
56570	322.05
56580	322.06
56590	322.06
56600	322.09
56610	322.11
56620	322.12
56630	322.12
56640	322.13
56650	322.13
56660	322.15
56670	322.15
56680	322.17
56690	322.18
56700	322.17
56710	322.15
56720	322.17
56730	322.18
56740	322.17
56750	322.18
56760	322.19
56770	322.22
56780	322.21
56790	322.22
56800	322.22
56810	322.24
56820	322.25
56830	322.24
56840	322.25
56850	322.26
56860	322.27
56870	322.27
56880	322.28
56890	322.29
56900	322.3
56910	322.3
56920	322.34
56930	322.36
56940	322.39
56950	322.38
56960	322.38
56970	322.37
56980	322.33
56990	322.32
57000	322.3
57010	322.33
57020	322.31
57030	322.32
57040	322.35
57050	322.36
57060	322.37
57070	322.35
57080	322.34
57090	322.36
57100	322.36
57110	322.35
57120	322.36
57130	322.36
57140	322.37
57150	322.37
57160	322.4
57170	322.42
57180	322.45
57190	322.47
57200	322.44
57210	322.44
57220	322.45
57230	322.5
57240	322.52
57250	322.52
57260	322.51
57270	322.52
57280	322.52
57290	322.49
57300	322.51
57310	322.5
57320	322.52
57330	322.51
57340	322.52
57350	322.52
57360	322.49
57370	322.5
57380	322.52
57390	322.5
57400	322.53
57410	322.55
57420	322.53
57430	322.55
57440	322.58
57450	322.57
57460	322.6
57470	322.62
57480	322.62
57490	322.64
57500	322.64
57510	322.64
57520	322.64
57530	322.65
57540	322.65
57550	322.66
57560	322.68
57570	322.71
57580	322.71
57590	322.75
57600	322.75
57610	322.76
57620	322.79
57630	322.81
57640	322.82
57650	322.84
57660	322.84
57670	322.87
57680	322.87
57690	322.9
57700	322.93
57710	322.93
57720	322.95
57730	322.96
57740	322.96
57750	322.95
57760	322.98
57770	322.99
57780	322.99
57790	323.02
57800	323.03
57810	323.05
57820	323.07
57830	323.1
57840	323.11
57850	323.12
57860	323.12
57870	323.12
57880	323.12
57890	323.12
57900	323.13
57910	323.12
57920	323.12
57930	323.14
57940	323.19
57950	323.22
57960	323.23
57970	323.24
57980	323.25
57990	323.24
58000	323.28
58010	323.29
58020	323.28
58030	323.3
58040	323.31
58050	323.3
58060	323.34
58070	323.35
58080	323.38
58090	323.4
58100	323.42
58110	323.45
58120	323.45
58130	323.44
58140	323.44
58150	323.45
58160	323.47
58170	323.5
58180	323.52
58190	323.5
58200	323.5
58210	323.53
58220	323.58
58230	323.57
58240	323.59
58250	323.6
58260	323.62
58270	323.63
58280	323.65
58290	323.66
58300	323.7
58310	323.7
58320	323.72
58330	323.73
58340	323.71
58350	323.7
58360	323.71
58370	323.71
58380	323.75
58390	323.76
58400	323.75
58410	323.78
58420	323.77
58430	323.75
58440	323.76
58450	323.8
58460	323.79
58470	323.79
58480	323.81
58490	323.82
58500	323.83
58510	323.84
58520	323.82
58530	323.85
58540	323.88
58550	323.9
58560	323.93
58570	323.93
58580	323.93
58590	323.95
58600	323.97
58610	324.0
58620	324.01
58630	324.02
58640	324.03
58650	324.03
58660	324.03
58670	324.02
58680	324.03
58690	324.04
58700	324.04
58710	324.05
58720	324.01
58730	324.05
58740	324.08
58750	324.11
58760	324.1
58770	324.12
58780	324.1
58790	324.11
58800	324.1
58810	324.1
58820	324.12
58830	324.12
58840	324.15
58850	324.16
58860	324.16
58870	324.19
58880	324.22
58890	324.21
58900	324.23
58910	324.23
58920	324.22
58930	324.23
58940	324.24
58950	324.23
58960	324.22
58970	324.23
58980	324.24
58990	324.26
59000	324.26
59010	324.25
59020	324.27
59030	324.25
59040	324.26
59050	324.25
59060	324.26
59070	324.27
59080	324.26
59090	324.28
59100	324.25
59110	324.25
59120	324.27
59130	324.29
59140	324.29
59150	324.32
59160	324.36
59170	324.35
59180	324.37
59190	324.4
59200	324.37
59210	324.36
59220	324.39
59230	324.42
59240	324.43
59250	324.45
59260	324.44
59270	324.47
59280	324.5
59290	324.51
59300	324.5
59310	324.52
59320	324.53
59330	324.56
59340	324.55
59350	324.57
59360	324.59
59370	324.63
59380	324.63
59390	324.67
59400	324.69
59410	324.72
59420	324.74
59430	324.74
59440	324.73
59450	324.74
59460	324.75
59470	324.75
59480	324.77
59490	324.77
59500	324.77
59510	324.8
59520	324.79
59530	324.79
59540	324.81
59550	324.82
59560	324.82
59570	324.83
59580	324.85
59590	324.84
59600	324.86
59610	324.83
59620	324.82
59630	324.81
59640	324.84
59650	324.82
59660	324.8
59670	324.81
59680	324.81
59690	324.85
59700	324.88
59710	324.9
59720	324.94
59730	324.96
59740	324.94
59750	324.95
59760	324.98
59770	324.98
59780	324.95
59790	324.95
59800	324.96
59810	324.99
59820	324.98
59830	324.99
59840	325.0
59850	325.04
59860	325.04
59870	325.05
59880	325.06
59890	325.05
59900	325.06
59910	325.05
59920	325.06
59930	325.05
59940	325.06
59950	325.08
59960	325.11
59970	325.1
59980	325.07
59990	325.09
60000	325.07
