10	0.48
20	0.78
30	0.93
40	1.18
50	1.66
60	1.99
70	2.19
80	2.66
90	2.96
100	3.32
110	3.76
120	4.21
130	4.51
140	4.88
150	5.21
160	5.39
170	5.78
180	6.26
190	6.66
200	7.03
210	7.38
220	7.68
230	8.2
240	8.45
250	8.8
260	9.27
270	9.57
280	9.96
290	10.33
300	10.66
310	11.22
320	11.57
330	12.0
340	12.45
350	12.85
360	13.27
370	13.84
380	14.23
390	14.83
400	15.41
410	15.63
420	15.79
430	15.79
440	15.88
450	16.06
460	16.55
470	17.03
480	17.27
490	17.69
500	17.98
510	18.43
520	18.72
530	19.07
540	19.55
550	19.77
560	20.31
570	20.79
580	21.19
590	21.44
600	21.82
610	22.06
620	22.27
630	22.59
640	22.78
650	23.08
660	23.29
670	23.68
680	24.1
690	24.4
700	24.85
710	25.3
720	25.5
730	25.99
740	26.62
750	26.96
760	27.58
770	28.0
780	28.47
790	28.86
800	29.44
810	29.83
820	30.16
830	30.59
840	31.17
850	31.57
860	32.22
870	32.85
880	33.16
890	33.57
900	33.81
910	34.45
920	34.85
930	35.28
940	35.44
950	35.56
960	36.0
970	36.43
980	36.63
990	36.87
1000	37.43
1010	37.92
1020	38.31
1030	38.75
1040	39.19
1050	39.8
1060	40.31
1070	40.7
1080	41.02
1090	41.41
1100	41.86
1110	42.23
1120	42.78
1130	43.37
1140	43.93
1150	44.15
1160	44.83
1170	44.86
1180	44.86
1190	44.86
1200	44.86
1210	45.0
1220	45.42
1230	45.7
1240	46.06
1250	46.58
1260	46.93
1270	47.35
1280	47.86
1290	48.37
1300	48.74
1310	49.04
1320	49.61
1330	50.08
1340	50.38
1350	50.82
1360	51.13
1370	51.44
1380	51.9
1390	52.42
1400	52.88
1410	53.4
1420	53.88
1430	54.18
1440	54.58
1450	55.14
1460	55.44
1470	55.89
1480	56.5
1490	56.88
1500	57.27
1510	57.51
1520	58.0
1530	58.36
1540	58.88
1550	59.37
1560	59.77
1570	60.01
1580	60.42
1590	61.13
1600	61.65
1610	62.12
1620	62.39
1630	62.66
1640	63.15
1650	63.72
1660	64.19
1670	64.45
1680	64.96
1690	65.35
1700	65.7
1710	65.98
1720	66.46
1730	67.08
1740	67.44
1750	67.78
1760	68.09
1770	68.42
1780	68.7
1790	68.99
1800	69.57
1810	70.13
1820	70.43
1830	70.76
1840	71.18
1850	71.69
1860	71.91
1870	72.44
1880	72.82
1890	73.28
1900	73.71
1910	74.0
1920	74.44
1930	74.73
1940	74.97
1950	75.39
1960	75.74
1970	76.02
1980	76.34
1990	76.58
2000	76.94
2010	77.38
2020	77.92
2030	78.34
2040	78.63
2050	79.17
2060	79.51
2070	80.08
2080	80.47
2090	81.15
2100	81.49
2110	81.91
2120	82.34
2130	82.82
2140	83.17
2150	83.59
2160	84.03
2170	84.43
2180	84.9
2190	85.33
2200	85.61
2210	86.14
2220	86.53
2230	86.78
2240	87.18
2250	87.55
2260	88.01
2270	88.44
2280	88.79
2290	89.32
2300	89.46
2310	89.88
2320	90.18
2330	90.41
2340	90.74
2350	90.93
2360	91.31
2370	91.63
2380	92.02
2390	92.5
2400	92.79
2410	93.23
2420	93.54
2430	93.97
2440	93.97
2450	93.97
2460	93.97
2470	93.97
2480	93.97
2490	93.97
2500	94.24
2510	94.62
2520	95.09
2530	95.59
2540	95.73
2550	96.22
2560	96.32
2570	96.62
2580	97.0
2590	97.48
2600	97.87
2610	98.23
2620	98.58
2630	99.0
2640	99.38
2650	99.71
2660	100.33
2670	100.77
2680	101.02
2690	101.58
2700	101.83
2710	102.22
2720	102.64
2730	103.24
2740	103.48
2750	103.92
2760	104.29
2770	104.24
2780	104.64
2790	104.87
2800	105.44
2810	105.92
2820	106.44
2830	106.84
2840	107.16
2850	107.58
2860	107.9
2870	108.43
2880	108.67
2890	109.21
2900	109.6
2910	110.12
2920	110.63
2930	111.08
2940	111.68
2950	111.88
2960	112.41
2970	112.71
2980	113.1
2990	113.35
3000	114.1
3010	114.42
3020	114.92
3030	115.38
3040	115.84
3050	116.32
3060	116.62
3070	117.05
3080	117.39
3090	117.75
3100	118.15
3110	118.59
3120	118.99
3130	119.45
3140	119.79
3150	120.16
3160	120.59
3170	121.01
3180	121.36
3190	121.8
3200	122.25
3210	122.61
3220	122.87
3230	123.48
3240	123.71
3250	124.06
3260	124.36
3270	124.48
3280	124.93
3290	125.29
3300	125.64
3310	125.93
3320	126.31
3330	126.5
3340	126.87
3350	127.37
3360	127.73
3370	127.97
3380	128.21
3390	128.47
3400	128.94
3410	129.37
3420	129.83
3430	130.08
3440	130.35
3450	130.82
3460	131.2
3470	131.58
3480	132.05
3490	132.52
3500	133.11
3510	133.61
3520	134.03
3530	134.46
3540	134.67
3550	134.93
3560	135.39
3570	135.85
3580	135.94
3590	136.22
3600	136.51
3610	136.87
3620	137.18
3630	137.72
3640	138.29
3650	138.72
3660	139.27
3670	139.64
3680	139.75
3690	140.17
3700	140.65
3710	140.91
3720	141.19
3730	141.51
3740	141.96
3750	142.45
3760	142.96
3770	143.11
3780	143.36
3790	143.82
3800	144.24
3810	144.69
3820	144.86
3830	145.27
3840	145.6
3850	145.95
3860	146.3
3870	146.65
3880	146.95
3890	147.21
3900	147.65
3910	147.92
3920	148.51
3930	149.08
3940	149.38
3950	149.71
3960	149.88
3970	150.21
3980	150.74
3990	151.18
4000	151.62
4010	151.94
4020	152.48
4030	152.82
4040	153.18
4050	153.36
4060	153.85
4070	154.34
4080	154.64
4090	154.92
4100	155.4
4110	155.77
4120	156.0
4130	156.46
4140	156.69
4150	157.21
4160	157.67
4170	157.9
4180	158.27
4190	158.6
4200	158.95
4210	159.24
4220	159.75
4230	160.12
4240	160.36
4250	161.04
4260	161.39
4270	161.98
4280	162.42
4290	162.91
4300	163.33
4310	163.9
4320	164.28
4330	164.74
4340	165.23
4350	165.51
4360	165.86
4370	166.2
4380	166.63
4390	166.75
4400	167.19
4410	167.68
4420	167.9
4430	168.12
4440	168.67
4450	169.12
4460	169.41
4470	169.67
4480	170.21
4490	170.48
4500	170.87
4510	171.13
4520	171.8
4530	172.2
4540	172.58
4550	172.59
4560	172.59
4570	172.66
4580	172.7
4590	172.78
4600	172.77
4610	172.81
4620	172.88
4630	172.93
4640	172.93
4650	172.92
4660	173.31
4670	173.66
4680	173.85
4690	174.22
4700	174.36
4710	174.7
4720	175.32
4730	175.62
4740	175.94
4750	176.37
4760	176.85
4770	177.01
4780	177.22
4790	177.37
4800	177.59
4810	177.89
4820	178.05
4830	178.44
4840	178.57
4850	178.64
4860	178.96
4870	179.07
4880	179.33
4890	179.61
4900	179.68
4910	179.97
4920	180.12
4930	180.34
4940	180.55
4950	180.82
4960	180.93
4970	181.16
4980	181.36
4990	181.75
5000	182.05
5010	182.17
5020	182.38
5030	182.54
5040	182.82
5050	183.02
5060	183.16
5070	183.31
5080	183.71
5090	183.78
5100	184.01
5110	184.17
5120	184.4
5130	184.52
5140	184.61
5150	184.82
5160	185.04
5170	185.26
5180	185.29
5190	185.35
5200	185.5
5210	185.64
5220	185.81
5230	185.86
5240	185.98
5250	186.1
5260	186.31
5270	186.52
5280	186.57
5290	186.83
5300	186.94
5310	187.12
5320	187.41
5330	187.6
5340	187.88
5350	188.01
5360	188.17
5370	188.37
5380	188.51
5390	188.83
5400	189.13
5410	189.39
5420	189.62
5430	189.81
5440	190.11
5450	190.35
5460	190.64
5470	190.78
5480	190.92
5490	190.98
5500	191.09
5510	191.26
5520	191.38
5530	191.44
5540	191.63
5550	191.73
5560	191.82
5570	191.86
5580	192.05
5590	192.07
5600	192.16
5610	192.2
5620	192.28
5630	192.42
5640	192.62
5650	192.85
5660	192.98
5670	193.13
5680	193.2
5690	193.32
5700	193.5
5710	193.62
5720	193.74
5730	193.9
5740	194.12
5750	194.31
5760	194.39
5770	194.54
5780	194.65
5790	194.86
5800	195.02
5810	195.26
5820	195.3
5830	195.31
5840	195.29
5850	195.41
5860	195.6
5870	195.83
5880	196.0
5890	196.19
5900	196.48
5910	196.72
5920	196.86
5930	197.04
5940	197.23
5950	197.36
5960	197.47
5970	197.46
5980	197.59
5990	197.72
6000	197.96
6010	198.06
6020	198.05
6030	198.15
6040	198.21
6050	198.39
6060	198.68
6070	198.84
6080	199.09
6090	199.24
6100	199.42
6110	199.55
6120	199.66
6130	199.88
6140	200.19
6150	200.31
6160	200.48
6170	200.68
6180	200.74
6190	200.87
6200	201.0
6210	201.05
6220	201.1
6230	201.27
6240	201.36
6250	201.38
6260	201.55
6270	201.58
6280	201.67
6290	201.79
6300	202.03
6310	202.14
6320	202.16
6330	202.39
6340	202.37
6350	202.51
6360	202.6
6370	202.72
6380	203.0
6390	203.06
6400	203.18
6410	203.31
6420	203.41
6430	203.55
6440	203.7
6450	203.73
6460	203.98
6470	203.9
6480	203.95
6490	204.09
6500	204.22
6510	204.3
6520	204.43
6530	204.58
6540	204.66
6550	204.84
6560	204.99
6570	205.08
6580	205.18
6590	205.3
6600	205.44
6610	205.48
6620	205.64
6630	205.73
6640	205.97
6650	206.12
6660	206.19
6670	206.27
6680	206.45
6690	206.55
6700	206.62
6710	206.7
6720	206.79
6730	206.93
6740	206.97
6750	207.08
6760	207.1
6770	207.21
6780	207.23
6790	207.42
6800	207.59
6810	207.72
6820	207.88
6830	207.99
6840	208.19
6850	208.18
6860	208.29
6870	208.28
6880	208.49
6890	208.52
6900	208.61
6910	208.65
6920	208.78
6930	208.89
6940	208.99
6950	209.02
6960	209.01
6970	209.02
6980	209.09
6990	209.21
7000	209.36
7010	209.33
7020	209.44
7030	209.53
7040	209.68
7050	209.83
7060	209.96
7070	210.02
7080	210.07
7090	210.25
7100	210.35
7110	210.5
7120	210.55
7130	210.67
7140	210.83
7150	210.92
7160	211.04
7170	211.09
7180	211.09
7190	211.1
7200	211.22
7210	211.33
7220	211.48
7230	211.56
7240	211.61
7250	211.75
7260	211.79
7270	211.94
7280	211.99
7290	212.11
7300	212.16
7310	212.2
7320	212.31
7330	212.33
7340	212.4
7350	212.55
7360	212.6
7370	212.62
7380	212.63
7390	212.72
7400	212.79
7410	213.01
7420	213.21
7430	213.2
7440	213.38
7450	213.49
7460	213.63
7470	213.69
7480	213.77
7490	213.9
7500	214.0
7510	214.03
7520	214.13
7530	214.21
7540	214.26
7550	214.31
7560	214.46
7570	214.54
7580	214.57
7590	214.63
7600	214.75
7610	214.9
7620	214.97
7630	214.98
7640	215.12
7650	215.19
7660	215.26
7670	215.43
7680	215.52
7690	215.53
7700	215.59
7710	215.71
7720	215.86
7730	215.98
7740	216.07
7750	216.14
7760	216.28
7770	216.35
7780	216.34
7790	216.41
7800	216.42
7810	216.58
7820	216.71
7830	216.83
7840	216.9
7850	216.97
7860	217.1
7870	217.21
7880	217.22
7890	217.34
7900	217.42
7910	217.48
7920	217.56
7930	217.59
7940	217.69
7950	217.78
7960	217.82
7970	217.99
7980	218.07
7990	218.18
8000	218.26
8010	218.44
8020	218.58
8030	218.71
8040	218.76
8050	218.81
8060	218.92
8070	218.97
8080	219.08
8090	219.21
8100	219.28
8110	219.33
8120	219.39
8130	219.49
8140	219.5
8150	219.49
8160	219.58
8170	219.65
8180	219.77
8190	219.82
8200	219.9
8210	220.04
8220	220.1
8230	220.14
8240	220.24
8250	220.35
8260	220.51
8270	220.52
8280	220.6
8290	220.62
8300	220.72
8310	220.82
8320	220.85
8330	220.93
8340	221.02
8350	221.07
8360	221.29
8370	221.35
8380	221.38
8390	221.5
8400	221.49
8410	221.54
8420	221.62
8430	221.69
8440	221.79
8450	221.74
8460	221.87
8470	222.0
8480	222.07
8490	222.18
8500	222.22
8510	222.37
8520	222.46
8530	222.63
8540	222.79
8550	222.95
8560	222.97
8570	223.05
8580	223.03
8590	223.09
8600	223.17
8610	223.3
8620	223.45
8630	223.56
8640	223.65
8650	223.67
8660	223.77
8670	223.85
8680	223.92
8690	224.03
8700	224.14
8710	224.17
8720	224.24
8730	224.27
8740	224.43
8750	224.44
8760	224.53
8770	224.66
8780	224.74
8790	224.75
8800	224.85
8810	224.88
8820	224.95
8830	225.06
8840	225.11
8850	225.23
8860	225.23
8870	225.38
8880	225.47
8890	225.51
8900	225.55
8910	225.51
8920	225.61
8930	225.66
8940	225.72
8950	225.83
8960	225.92
8970	225.94
8980	225.97
8990	226.1
9000	226.15
9010	226.21
9020	226.34
9030	226.39
9040	226.39
9050	226.42
9060	226.41
9070	226.52
9080	226.64
9090	226.74
9100	226.86
9110	226.88
9120	227.01
9130	227.19
9140	227.22
9150	227.33
9160	227.29
9170	227.39
9180	227.45
9190	227.59
9200	227.73
9210	227.85
9220	228.02
9230	228.1
9240	228.15
9250	228.25
9260	228.28
9270	228.45
9280	228.43
9290	228.45
9300	228.53
9310	228.67
9320	228.83
9330	228.96
9340	229.06
9350	229.13
9360	229.19
9370	229.34
9380	229.42
9390	229.63
9400	229.7
9410	229.71
9420	229.84
9430	229.97
9440	230.05
9450	230.22
9460	230.25
9470	230.49
9480	230.66
9490	230.7
9500	230.85
9510	230.94
9520	231.01
9530	231.16
9540	231.31
9550	231.42
9560	231.49
9570	231.65
9580	231.64
9590	231.85
9600	232.0
9610	232.07
9620	232.07
9630	232.09
9640	232.21
9650	232.31
9660	232.37
9670	232.46
9680	232.54
9690	232.69
9700	232.7
9710	232.87
9720	233.03
9730	233.11
9740	233.21
9750	233.35
9760	233.43
9770	233.43
9780	233.44
9790	233.46
9800	233.52
9810	233.6
9820	233.72
9830	233.77
9840	233.82
9850	233.92
9860	233.97
9870	234.04
9880	234.16
9890	234.3
9900	234.31
9910	234.41
9920	234.51
9930	234.58
9940	234.64
9950	234.71
9960	234.73
9970	234.76
9980	234.83
9990	234.86
10000	234.97
10010	235.07
10020	235.18
10030	235.23
10040	235.34
10050	235.47
10060	235.59
10070	235.8
10080	235.94
10090	236.09
10100	236.2
10110	236.3
10120	236.34
10130	236.37
10140	236.51
10150	236.58
10160	236.68
10170	236.89
10180	237.03
10190	237.07
10200	237.17
10210	237.31
10220	237.36
10230	237.51
10240	237.56
10250	237.58
10260	237.72
10270	237.74
10280	237.84
10290	237.94
10300	238.12
10310	238.23
10320	238.38
10330	238.45
10340	238.57
10350	238.62
10360	238.63
10370	238.73
10380	238.76
10390	238.87
10400	239.02
10410	239.15
10420	239.25
10430	239.18
10440	239.25
10450	239.21
10460	239.35
10470	239.47
10480	239.5
10490	239.63
10500	239.72
10510	239.73
10520	239.89
10530	240.06
10540	240.19
10550	240.19
10560	240.31
10570	240.32
10580	240.43
10590	240.54
10600	240.65
10610	240.63
10620	240.66
10630	240.64
10640	240.67
10650	240.71
10660	240.64
10670	240.76
10680	240.94
10690	241.08
10700	241.15
10710	241.36
10720	241.47
10730	241.66
10740	241.65
10750	241.69
10760	241.77
10770	241.91
10780	241.99
10790	242.12
10800	242.22
10810	242.31
10820	242.41
10830	242.65
10840	242.77
10850	242.71
10860	242.75
10870	242.84
10880	242.95
10890	243.04
10900	243.18
10910	243.3
10920	243.36
10930	243.47
10940	243.57
10950	243.58
10960	243.58
10970	243.73
10980	243.88
10990	243.98
11000	244.07
11010	244.15
11020	244.17
11030	244.22
11040	244.29
11050	244.36
11060	244.41
11070	244.56
11080	244.7
11090	244.77
11100	244.9
11110	244.94
11120	245.02
11130	245.03
11140	245.07
11150	245.22
11160	245.37
11170	245.49
11180	245.58
11190	245.71
11200	245.78
11210	245.98
11220	246.14
11230	246.23
11240	246.36
11250	246.47
11260	246.49
11270	246.59
11280	246.64
11290	246.75
11300	246.84
11310	246.86
11320	246.9
11330	247.06
11340	247.11
11350	247.23
11360	247.22
11370	247.24
11380	247.29
11390	247.44
11400	247.46
11410	247.49
11420	247.56
11430	247.7
11440	247.8
11450	247.84
11460	247.97
11470	248.07
11480	248.16
11490	248.3
11500	248.38
11510	248.45
11520	248.54
11530	248.6
11540	248.73
11550	248.84
11560	248.96
11570	249.06
11580	249.2
11590	249.29
11600	249.38
11610	249.42
11620	249.49
11630	249.55
11640	249.65
11650	249.75
11660	249.9
11670	249.96
11680	250.06
11690	250.06
11700	250.04
11710	250.11
11720	250.18
11730	250.28
11740	250.37
11750	250.46
11760	250.49
11770	250.55
11780	250.6
11790	250.59
11800	250.65
11810	250.73
11820	250.82
11830	250.88
11840	250.95
11850	251.09
11860	251.11
11870	251.3
11880	251.39
11890	251.36
11900	251.39
11910	251.42
11920	251.42
11930	251.52
11940	251.6
11950	251.69
11960	251.85
11970	251.9
11980	251.95
11990	252.04
12000	252.1
12010	252.21
12020	252.29
12030	252.43
12040	252.51
12050	252.56
12060	252.7
12070	252.85
12080	252.91
12090	253.04
12100	253.23
12110	253.36
12120	253.53
12130	253.65
12140	253.81
12150	253.89
12160	254.03
12170	254.11
12180	254.25
12190	254.27
12200	254.31
12210	254.44
12220	254.57
12230	254.63
12240	254.75
12250	254.87
12260	254.89
12270	254.95
12280	255.04
12290	255.21
12300	255.36
12310	255.48
12320	255.55
12330	255.54
12340	255.67
12350	255.75
12360	255.83
12370	255.89
12380	255.92
12390	256.09
12400	256.13
12410	256.24
12420	256.29
12430	256.3
12440	256.29
12450	256.3
12460	256.48
12470	256.52
12480	256.64
12490	256.66
12500	256.7
12510	256.97
12520	256.86
12530	256.91
12540	256.96
12550	257.13
12560	257.28
12570	257.3
12580	257.35
12590	257.35
12600	257.48
12610	257.51
12620	257.58
12630	257.61
12640	257.66
12650	257.72
12660	257.89
12670	257.87
12680	258.05
12690	258.05
12700	258.16
12710	258.28
12720	258.38
12730	258.52
12740	258.59
12750	258.55
12760	258.63
12770	258.79
12780	258.94
12790	259.1
12800	259.14
12810	259.24
12820	259.45
12830	259.6
12840	259.59
12850	259.67
12860	259.76
12870	259.84
12880	260.0
12890	260.09
12900	260.17
12910	260.21
12920	260.15
12930	260.25
12940	260.34
12950	260.51
12960	260.55
12970	260.73
12980	260.81
12990	260.95
13000	260.94
13010	261.02
13020	261.16
13030	261.27
13040	261.26
13050	261.37
13060	261.37
13070	261.43
13080	261.45
13090	261.49
13100	261.45
13110	261.57
13120	261.55
13130	261.69
13140	261.75
13150	261.89
13160	262.0
13170	262.05
13180	262.24
13190	262.41
13200	262.47
13210	262.58
13220	262.75
13230	262.89
13240	263.03
13250	263.16
13260	263.24
13270	263.28
13280	263.36
13290	263.48
13300	263.58
13310	263.71
13320	263.76
13330	263.82
13340	263.92
13350	263.98
13360	264.19
13370	264.24
13380	264.39
13390	264.56
13400	264.61
13410	264.65
13420	264.77
13430	264.88
13440	264.95
13450	264.94
13460	265.02
13470	265.06
13480	265.21
13490	265.29
13500	265.29
13510	265.3
13520	265.38
13530	265.47
13540	265.6
13550	265.64
13560	265.77
13570	265.75
13580	265.82
13590	266.0
13600	266.06
13610	266.23
13620	266.32
13630	266.41
13640	266.49
13650	266.64
13660	266.75
13670	266.82
13680	266.89
13690	266.92
13700	266.95
13710	267.05
13720	267.17
13730	267.35
13740	267.3
13750	267.29
13760	267.35
13770	267.45
13780	267.47
13790	267.57
13800	267.66
13810	267.75
13820	267.83
13830	267.92
13840	267.99
13850	268.15
13860	268.19
13870	268.26
13880	268.3
13890	268.39
13900	268.52
13910	268.57
13920	268.66
13930	268.78
13940	268.8
13950	268.96
13960	269.11
13970	269.17
13980	269.23
13990	269.32
14000	269.45
14010	269.55
14020	269.62
14030	269.72
14040	269.75
14050	269.78
14060	269.84
14070	269.86
14080	269.95
14090	270.08
14100	270.15
14110	270.24
14120	270.34
14130	270.47
14140	270.55
14150	270.72
14160	270.8
14170	270.94
14180	271.04
14190	271.03
14200	271.18
14210	271.27
14220	271.27
14230	271.34
14240	271.37
14250	271.45
14260	271.5
14270	271.53
14280	271.6
14290	271.64
14300	271.75
14310	271.8
14320	271.87
14330	271.94
14340	272.06
14350	272.2
14360	272.22
14370	272.35
14380	272.38
14390	272.5
14400	272.55
14410	272.6
14420	272.63
14430	272.65
14440	272.72
14450	272.84
14460	272.95
14470	273.07
14480	273.04
14490	273.11
14500	273.09
14510	273.07
14520	273.13
14530	273.21
14540	273.31
14550	273.46
14560	273.62
14570	273.69
14580	273.81
14590	273.85
14600	273.92
14610	274.03
14620	274.09
14630	274.23
14640	274.25
14650	274.3
14660	274.42
14670	274.54
14680	274.6
14690	274.74
14700	274.8
14710	274.98
14720	274.96
14730	275.06
14740	275.21
14750	275.28
14760	275.34
14770	275.41
14780	275.48
14790	275.53
14800	275.58
14810	275.67
14820	275.75
14830	275.75
14840	275.87
14850	275.99
14860	276.08
14870	276.24
14880	276.32
14890	276.38
14900	276.45
14910	276.5
14920	276.55
14930	276.68
14940	276.71
14950	276.78
14960	276.86
14970	276.98
14980	277.07
14990	277.18
15000	277.28
15010	277.36
15020	277.43
15030	277.54
15040	277.62
15050	277.62
15060	277.77
15070	277.9
15080	277.9
15090	278.03
15100	278.11
15110	278.29
15120	278.5
15130	278.57
15140	278.71
15150	278.71
15160	278.67
15170	278.8
15180	278.82
15190	278.84
15200	278.93
15210	278.93
15220	279.0
15230	279.12
15240	279.25
15250	279.37
15260	279.51
15270	279.6
15280	279.74
15290	279.81
15300	279.8
15310	279.82
15320	279.92
15330	280.08
15340	280.17
15350	280.29
15360	280.44
15370	280.51
15380	280.52
15390	280.53
15400	280.65
15410	280.73
15420	280.81
15430	280.93
15440	281.01
15450	281.09
15460	281.2
15470	281.34
15480	281.46
15490	281.56
15500	281.64
15510	281.77
15520	281.83
15530	281.92
15540	281.97
15550	282.02
15560	282.24
15570	282.36
15580	282.52
15590	282.49
15600	282.65
15610	282.72
15620	282.78
15630	282.82
15640	282.89
15650	283.01
15660	283.06
15670	283.16
15680	283.27
15690	283.29
15700	283.39
15710	283.46
15720	283.59
15730	283.64
15740	283.69
15750	283.7
15760	283.7
15770	283.76
15780	283.93
15790	284.09
15800	284.25
15810	284.41
15820	284.41
15830	284.5
15840	284.65
15850	284.72
15860	284.81
15870	284.81
15880	284.82
15890	284.87
15900	284.94
15910	285.0
15920	285.15
15930	285.2
15940	285.29
15950	285.37
15960	285.41
15970	285.52
15980	285.59
15990	285.72
16000	285.84
16010	285.84
16020	285.81
16030	286.04
16040	286.16
16050	286.21
16060	286.34
16070	286.36
16080	286.33
16090	286.33
16100	286.39
16110	286.44
16120	286.63
16130	286.81
16140	286.92
16150	286.97
16160	286.99
16170	287.18
16180	287.29
16190	287.38
16200	287.48
16210	287.52
16220	287.54
16230	287.63
16240	287.63
16250	287.72
16260	287.82
16270	287.87
16280	287.83
16290	287.83
16300	288.03
16310	288.21
16320	288.39
16330	288.4
16340	288.59
16350	288.75
16360	288.93
16370	289.04
16380	289.12
16390	289.27
16400	289.36
16410	289.5
16420	289.5
16430	289.63
16440	289.76
16450	289.87
16460	289.95
16470	290.01
16480	290.08
16490	290.13
16500	290.1
16510	290.11
16520	290.27
16530	290.28
16540	290.34
16550	290.4
16560	290.5
16570	290.64
16580	290.72
16590	290.73
16600	290.83
16610	290.91
16620	291.0
16630	291.13
16640	291.27
16650	291.3
16660	291.39
16670	291.48
16680	291.52
16690	291.64
16700	291.77
16710	291.85
16720	291.87
16730	291.98
16740	292.07
16750	292.12
16760	292.31
16770	292.29
16780	292.34
16790	292.45
16800	292.52
16810	292.45
16820	292.56
16830	292.6
16840	292.65
16850	292.68
16860	292.75
16870	292.87
16880	292.93
16890	293.03
16900	293.11
16910	293.17
16920	293.24
16930	293.34
16940	293.4
16950	293.48
16960	293.55
16970	293.53
16980	293.6
16990	293.69
17000	293.72
17010	293.84
17020	293.95
17030	294.05
17040	294.14
17050	294.18
17060	294.23
17070	294.32
17080	294.41
17090	294.53
17100	294.71
17110	294.83
17120	294.92
17130	295.01
17140	295.06
17150	295.21
17160	295.29
17170	295.33
17180	295.44
17190	295.46
17200	295.54
17210	295.65
17220	295.84
17230	295.92
17240	295.96
17250	296.09
17260	296.17
17270	296.35
17280	296.36
17290	296.46
17300	296.53
17310	296.64
17320	296.62
17330	296.7
17340	296.79
17350	296.8
17360	296.82
17370	296.92
17380	297.05
17390	297.18
17400	297.19
17410	297.25
17420	297.34
17430	297.48
17440	297.46
17450	297.59
17460	297.7
17470	297.79
17480	297.83
17490	297.89
17500	298.01
17510	298.1
17520	298.21
17530	298.26
17540	298.42
17550	298.5
17560	298.65
17570	298.78
17580	298.88
17590	299.0
17600	299.04
17610	299.06
17620	299.13
17630	299.2
17640	299.27
17650	299.29
17660	299.39
17670	299.44
17680	299.58
17690	299.62
17700	299.7
17710	299.82
17720	299.91
17730	300.0
17740	300.05
17750	300.22
17760	300.35
17770	300.52
17780	300.57
17790	300.59
17800	300.6
17810	300.62
17820	300.83
17830	300.89
17840	300.95
17850	301.06
17860	301.19
17870	301.2
17880	301.29
17890	301.27
17900	301.34
17910	301.41
17920	301.59
17930	301.69
17940	301.73
17950	301.8
17960	301.88
17970	301.86
17980	301.89
17990	301.97
18000	302.09
18010	302.07
18020	302.17
18030	302.25
18040	302.33
18050	302.39
18060	302.56
18070	302.65
18080	302.73
18090	302.88
18100	302.98
18110	303.18
18120	303.25
18130	303.26
18140	303.22
18150	303.39
18160	303.54
18170	303.61
18180	303.66
18190	303.79
18200	303.89
18210	303.96
18220	304.02
18230	304.09
18240	304.16
18250	304.26
18260	304.29
18270	304.32
18280	304.35
18290	304.39
18300	304.58
18310	304.67
18320	304.69
18330	304.75
18340	304.93
18350	304.93
18360	305.05
18370	305.22
18380	305.36
18390	305.45
18400	305.48
18410	305.52
18420	305.69
18430	305.79
18440	305.89
18450	305.99
18460	306.09
18470	306.2
18480	306.33
18490	306.48
18500	306.72
18510	306.79
18520	306.91
18530	306.92
18540	307.07
18550	307.24
18560	307.23
18570	307.3
18580	307.39
18590	307.51
18600	307.59
18610	307.65
18620	307.77
18630	307.89
18640	307.97
18650	308.0
18660	308.15
18670	308.23
18680	308.29
18690	308.36
18700	308.41
18710	308.55
18720	308.53
18730	308.62
18740	308.7
18750	308.7
18760	308.86
18770	308.9
18780	308.9
18790	308.92
18800	309.14
18810	309.12
18820	309.16
18830	309.2
18840	309.31
18850	309.42
18860	309.56
18870	309.56
18880	309.69
18890	309.82
18900	309.88
18910	310.01
18920	310.1
18930	310.15
18940	310.17
18950	310.19
18960	310.28
18970	310.37
18980	310.38
18990	310.56
19000	310.69
19010	310.79
19020	310.83
19030	310.94
19040	311.02
19050	311.13
19060	311.2
19070	311.22
19080	311.26
19090	311.27
19100	311.36
19110	311.4
19120	311.51
19130	311.66
19140	311.73
19150	311.86
19160	311.91
19170	311.93
19180	311.96
19190	312.03
19200	312.09
19210	312.1
19220	312.21
19230	312.25
19240	312.3
19250	312.39
19260	312.49
19270	312.64
19280	312.68
19290	312.76
19300	312.84
19310	312.92
19320	313.0
19330	313.1
19340	313.18
19350	313.32
19360	313.34
19370	313.48
19380	313.65
19390	313.75
19400	313.81
19410	313.83
19420	313.9
19430	313.96
19440	314.03
19450	314.07
19460	314.2
19470	314.31
19480	314.46
19490	314.55
19500	314.73
19510	314.87
19520	315.01
19530	315.02
19540	315.07
19550	315.21
19560	315.3
19570	315.51
19580	315.67
19590	315.81
19600	315.82
19610	315.9
19620	316.05
19630	316.11
19640	316.2
19650	316.24
19660	316.34
19670	316.39
19680	316.45
19690	316.61
19700	316.71
19710	316.72
19720	316.8
19730	316.83
19740	316.96
19750	317.04
19760	317.19
19770	317.24
19780	317.33
19790	317.34
19800	317.49
19810	317.6
19820	317.7
19830	317.75
19840	317.85
19850	317.88
19860	317.91
19870	317.97
19880	318.01
19890	318.07
19900	318.13
19910	318.14
19920	318.39
19930	318.52
19940	318.47
19950	318.64
19960	318.78
19970	318.84
19980	318.86
19990	318.94
20000	318.99
20010	319.09
20020	319.22
20030	319.31
20040	319.4
20050	319.5
20060	319.57
20070	319.63
20080	319.66
20090	319.73
20100	319.83
20110	319.93
20120	319.93
20130	320.07
20140	320.18
20150	320.31
20160	320.36
20170	320.48
20180	320.53
20190	320.65
20200	320.77
20210	320.82
20220	320.92
20230	320.93
20240	320.99
20250	321.1
20260	321.09
20270	321.11
20280	321.16
20290	321.24
20300	321.29
20310	321.38
20320	321.43
20330	321.54
20340	321.6
20350	321.69
20360	321.7
20370	321.79
20380	321.89
20390	322.0
20400	322.12
20410	322.27
20420	322.43
20430	322.59
20440	322.64
20450	322.7
20460	322.8
20470	322.86
20480	322.92
20490	323.1
20500	323.17
20510	323.34
20520	323.46
20530	323.49
20540	323.54
20550	323.64
20560	323.74
20570	323.75
20580	323.81
20590	323.95
20600	324.05
20610	324.07
20620	324.12
20630	324.12
20640	324.22
20650	324.25
20660	324.3
20670	324.37
20680	324.46
20690	324.47
20700	324.46
20710	324.6
20720	324.72
20730	324.88
20740	324.87
20750	325.01
20760	325.02
20770	325.21
20780	325.22
20790	325.21
20800	325.24
20810	325.25
20820	325.42
20830	325.53
20840	325.57
20850	325.6
20860	325.58
20870	325.65
20880	325.73
20890	325.81
20900	325.88
20910	326.06
20920	326.24
20930	326.16
20940	326.19
20950	326.23
20960	326.29
20970	326.32
20980	326.41
20990	326.36
21000	326.42
21010	326.43
21020	326.5
21030	326.57
21040	326.66
21050	326.71
21060	326.8
21070	326.91
21080	327.08
21090	327.18
21100	327.14
21110	327.26
21120	327.29
21130	327.38
21140	327.44
21150	327.55
21160	327.62
21170	327.78
21180	327.87
21190	327.95
21200	328.17
21210	328.17
21220	328.36
21230	328.5
21240	328.49
21250	328.47
21260	328.5
21270	328.57
21280	328.7
21290	328.78
21300	328.83
21310	328.87
21320	329.01
21330	329.12
21340	329.18
21350	329.36
21360	329.49
21370	329.6
21380	329.58
21390	329.59
21400	329.66
21410	329.77
21420	329.86
21430	330.03
21440	330.13
21450	330.25
21460	330.32
21470	330.34
21480	330.38
21490	330.43
21500	330.63
21510	330.68
21520	330.68
21530	330.75
21540	330.8
21550	330.8
21560	330.89
21570	330.95
21580	331.13
21590	331.17
21600	331.28
21610	331.34
21620	331.49
21630	331.57
21640	331.72
21650	331.84
21660	331.96
21670	332.02
21680	332.07
21690	332.12
21700	332.27
21710	332.34
21720	332.39
21730	332.53
21740	332.64
21750	332.74
21760	332.86
21770	332.92
21780	332.91
21790	333.0
21800	333.15
21810	333.19
21820	333.33
21830	333.48
21840	333.58
21850	333.67
21860	333.77
21870	333.84
21880	333.94
21890	334.05
21900	334.15
21910	334.23
21920	334.33
21930	334.42
21940	334.51
21950	334.65
21960	334.71
21970	334.72
21980	334.78
21990	334.86
22000	335.09
22010	335.21
22020	335.34
22030	335.49
22040	335.49
22050	335.59
22060	335.64
22070	335.71
22080	335.68
22090	335.67
22100	335.74
22110	335.88
22120	335.92
22130	335.94
22140	336.07
22150	336.15
22160	336.17
22170	336.37
22180	336.47
22190	336.61
22200	336.7
22210	336.7
22220	336.78
22230	336.9
22240	337.02
22250	337.08
22260	337.14
22270	337.28
22280	337.4
22290	337.47
22300	337.61
22310	337.75
22320	337.91
22330	337.99
22340	338.13
22350	338.28
22360	338.49
22370	338.56
22380	338.6
22390	338.65
22400	338.62
22410	338.79
22420	339.05
22430	339.17
22440	339.26
22450	339.25
22460	339.31
22470	339.43
22480	339.38
22490	339.57
22500	339.63
22510	339.74
22520	339.77
22530	339.84
22540	339.94
22550	340.08
22560	340.25
22570	340.38
22580	340.53
22590	340.69
22600	340.85
22610	340.98
22620	340.93
22630	341.09
22640	341.17
22650	341.25
22660	341.31
22670	341.31
22680	341.42
22690	341.45
22700	341.52
22710	341.56
22720	341.69
22730	341.77
22740	341.88
22750	342.04
22760	342.0
22770	342.12
22780	342.16
22790	342.25
22800	342.4
22810	342.53
22820	342.63
22830	342.69
22840	342.91
22850	342.9
22860	342.98
22870	343.1
22880	343.32
22890	343.38
22900	343.42
22910	343.52
22920	343.59
22930	343.7
22940	343.85
22950	343.85
22960	343.94
22970	344.01
22980	344.08
22990	344.2
23000	344.29
23010	344.42
23020	344.55
23030	344.61
23040	344.66
23050	344.68
23060	344.78
23070	344.78
23080	344.79
23090	344.84
23100	344.92
23110	345.11
23120	345.16
23130	345.17
23140	345.24
23150	345.32
23160	345.42
23170	345.49
23180	345.61
23190	345.68
23200	345.77
23210	345.91
23220	346.0
23230	346.14
23240	346.29
23250	346.38
23260	346.49
23270	346.43
23280	346.53
23290	346.65
23300	346.69
23310	346.8
23320	346.86
23330	346.99
23340	347.08
23350	347.14
23360	347.16
23370	347.23
23380	347.28
23390	347.44
23400	347.42
23410	347.53
23420	347.69
23430	347.86
23440	347.97
23450	347.95
23460	348.15
23470	348.28
23480	348.34
23490	348.55
23500	348.64
23510	348.71
23520	348.72
23530	348.69
23540	348.7
23550	348.89
23560	348.97
23570	349.05
23580	349.15
23590	349.28
23600	349.35
23610	349.52
23620	349.58
23630	349.69
23640	349.8
23650	349.99
23660	350.06
23670	350.1
23680	350.18
23690	350.22
23700	350.28
23710	350.5
23720	350.63
23730	350.77
23740	350.88
23750	350.92
23760	350.89
23770	350.96
23780	351.08
23790	351.25
23800	351.41
23810	351.52
23820	351.62
23830	351.69
23840	351.74
23850	351.82
23860	351.92
23870	351.98
23880	352.11
23890	352.13
23900	352.25
23910	352.35
23920	352.49
23930	352.53
23940	352.59
23950	352.7
23960	352.79
23970	352.81
23980	352.89
23990	352.87
24000	352.96
24010	353.04
24020	353.07
24030	353.25
24040	353.42
24050	353.56
24060	353.64
24070	353.75
24080	353.94
24090	354.15
24100	354.32
24110	354.52
24120	354.6
24130	354.66
24140	354.8
24150	354.92
24160	355.0
24170	355.03
24180	355.2
24190	355.25
24200	355.33
24210	355.4
24220	355.46
24230	355.55
24240	355.62
24250	355.77
24260	355.95
24270	356.04
24280	356.23
24290	356.2
24300	356.32
24310	356.36
24320	356.52
24330	356.72
24340	356.73
24350	356.63
24360	356.67
24370	356.73
24380	356.89
24390	357.01
24400	357.15
24410	357.24
24420	357.31
24430	357.3
24440	357.42
24450	357.41
24460	357.46
24470	357.58
24480	357.62
24490	357.69
24500	357.86
24510	357.94
24520	357.99
24530	358.09
24540	358.16
24550	358.33
24560	358.43
24570	358.62
24580	358.68
24590	358.81
24600	358.87
24610	358.97
24620	359.0
24630	359.03
24640	359.1
24650	359.08
24660	359.09
24670	359.33
24680	359.5
24690	359.52
24700	359.64
24710	359.78
24720	359.8
24730	359.86
24740	360.0
24750	360.12
24760	360.12
24770	360.22
24780	360.39
24790	360.53
24800	360.57
24810	360.65
24820	360.8
24830	360.89
24840	360.97
24850	360.97
24860	361.01
24870	361.12
24880	361.19
24890	361.15
24900	361.21
24910	361.25
24920	361.4
24930	361.47
24940	361.48
24950	361.44
24960	361.53
24970	361.58
24980	361.6
24990	361.67
25000	361.76
25010	361.86
25020	361.9
25030	362.05
25040	362.07
25050	362.21
25060	362.21
25070	362.3
25080	362.38
25090	362.46
25100	362.56
25110	362.63
25120	362.73
25130	362.77
25140	362.88
25150	362.96
25160	363.02
25170	363.15
25180	363.23
25190	363.33
25200	363.34
25210	363.39
25220	363.5
25230	363.47
25240	363.62
25250	363.7
25260	363.8
25270	363.84
25280	363.87
25290	363.95
25300	363.94
25310	364.04
25320	364.07
25330	364.15
25340	364.23
25350	364.29
25360	364.35
25370	364.48
25380	364.49
25390	364.54
25400	364.54
25410	364.59
25420	364.67
25430	364.69
25440	364.73
25450	364.81
25460	364.97
25470	365.04
25480	365.15
25490	365.23
25500	365.27
25510	365.44
25520	365.45
25530	365.47
25540	365.62
25550	365.75
25560	365.79
25570	365.86
25580	365.96
25590	366.05
25600	366.13
25610	366.22
25620	366.33
25630	366.36
25640	366.4
25650	366.43
25660	366.58
25670	366.76
25680	366.89
25690	367.0
25700	367.09
25710	367.14
25720	367.13
25730	367.24
25740	367.28
25750	367.36
25760	367.43
25770	367.47
25780	367.59
25790	367.61
25800	367.62
25810	367.78
25820	367.79
25830	367.9
25840	368.0
25850	368.12
25860	368.24
25870	368.3
25880	368.38
25890	368.53
25900	368.65
25910	368.77
25920	368.81
25930	368.78
25940	368.8
25950	368.82
25960	368.87
25970	368.85
25980	368.92
25990	369.03
26000	369.02
26010	369.08
26020	369.08
26030	369.18
26040	369.24
26050	369.36
26060	369.46
26070	369.54
26080	369.55
26090	369.63
26100	369.61
26110	369.65
26120	369.88
26130	369.99
26140	370.06
26150	370.16
26160	370.36
26170	370.38
26180	370.51
26190	370.66
26200	370.8
26210	370.92
26220	370.95
26230	371.09
26240	371.14
26250	371.2
26260	371.26
26270	371.28
26280	371.37
26290	371.49
26300	371.6
26310	371.61
26320	371.61
26330	371.78
26340	371.96
26350	372.14
26360	372.24
26370	372.32
26380	372.45
26390	372.42
26400	372.53
26410	372.57
26420	372.75
26430	372.85
26440	373.02
26450	373.14
26460	373.18
26470	373.29
26480	373.43
26490	373.56
26500	373.64
26510	373.68
26520	373.77
26530	373.83
26540	373.87
26550	373.93
26560	373.99
26570	374.11
26580	374.14
26590	374.18
26600	374.31
26610	374.34
26620	374.42
26630	374.6
26640	374.6
26650	374.67
26660	374.73
26670	374.79
26680	374.99
26690	375.06
26700	375.1
26710	375.15
26720	375.26
26730	375.37
26740	375.47
26750	375.52
26760	375.67
26770	375.71
26780	375.67
26790	375.65
26800	375.71
26810	375.79
26820	375.89
26830	376.0
26840	376.17
26850	376.42
26860	376.57
26870	376.64
26880	376.67
26890	376.85
26900	376.91
26910	376.99
26920	377.07
26930	377.09
26940	377.12
26950	377.21
26960	377.31
26970	377.44
26980	377.54
26990	377.66
27000	377.73
27010	377.88
27020	378.03
27030	378.03
27040	378.19
27050	378.33
27060	378.31
27070	378.33
27080	378.43
27090	378.53
27100	378.47
27110	378.55
27120	378.63
27130	378.69
27140	378.78
27150	378.91
27160	378.94
27170	379.05
27180	379.12
27190	379.16
27200	379.24
27210	379.3
27220	379.41
27230	379.51
27240	379.56
27250	379.65
27260	379.71
27270	379.81
27280	379.84
27290	379.91
27300	380.08
27310	380.15
27320	380.25
27330	380.31
27340	380.47
27350	380.54
27360	380.65
27370	380.71
27380	380.9
27390	381.0
27400	381.04
27410	381.16
27420	381.31
27430	381.35
27440	381.47
27450	381.62
27460	381.69
27470	381.86
27480	381.9
27490	382.02
27500	382.08
27510	382.22
27520	382.35
27530	382.44
27540	382.47
27550	382.49
27560	382.55
27570	382.6
27580	382.7
27590	382.76
27600	382.87
27610	382.99
27620	383.08
27630	383.18
27640	383.35
27650	383.27
27660	383.34
27670	383.46
27680	383.57
27690	383.75
27700	383.91
27710	383.99
27720	384.13
27730	384.22
27740	384.38
27750	384.51
27760	384.58
27770	384.74
27780	384.78
27790	384.82
27800	384.92
27810	385.02
27820	385.16
27830	385.18
27840	385.29
27850	385.26
27860	385.31
27870	385.35
27880	385.36
27890	385.54
27900	385.57
27910	385.66
27920	385.71
27930	385.81
27940	385.89
27950	386.01
27960	386.08
27970	386.16
27980	386.25
27990	386.37
28000	386.36
28010	386.49
28020	386.54
28030	386.67
28040	386.79
28050	386.98
28060	386.99
28070	387.08
28080	387.28
28090	387.34
28100	387.41
28110	387.45
28120	387.55
28130	387.56
28140	387.69
28150	387.78
28160	387.9
28170	388.05
28180	388.04
28190	388.07
28200	388.18
28210	388.34
28220	388.51
28230	388.54
28240	388.64
28250	388.72
28260	388.76
28270	388.89
28280	388.97
28290	389.04
28300	389.16
28310	389.3
28320	389.37
28330	389.41
28340	389.63
28350	389.78
28360	389.87
28370	389.9
28380	390.09
28390	390.13
28400	390.34
28410	390.4
28420	390.45
28430	390.57
28440	390.72
28450	390.79
28460	390.85
28470	390.94
28480	391.02
28490	391.12
28500	391.28
28510	391.45
28520	391.55
28530	391.6
28540	391.67
28550	391.69
28560	391.74
28570	391.83
28580	391.94
28590	391.95
28600	392.07
28610	392.32
28620	392.36
28630	392.4
28640	392.56
28650	392.66
28660	392.78
28670	392.81
28680	392.82
28690	392.85
28700	392.92
28710	392.97
28720	393.09
28730	393.22
28740	393.25
28750	393.27
28760	393.41
28770	393.45
28780	393.52
28790	393.65
28800	393.73
28810	393.74
28820	393.76
28830	393.87
28840	393.92
28850	394.04
28860	394.12
28870	394.14
28880	394.29
28890	394.35
28900	394.56
28910	394.69
28920	394.8
28930	394.88
28940	395.0
28950	395.11
28960	395.23
28970	395.24
28980	395.34
28990	395.4
29000	395.44
29010	395.57
29020	395.6
29030	395.73
29040	395.7
29050	395.88
29060	396.01
29070	396.08
29080	396.24
29090	396.27
29100	396.27
29110	396.27
29120	396.39
29130	396.43
29140	396.5
29150	396.56
29160	396.62
29170	396.65
29180	396.8
29190	396.88
29200	396.94
29210	397.03
29220	397.12
29230	397.23
29240	397.33
29250	397.39
29260	397.46
29270	397.57
29280	397.74
29290	397.81
29300	397.99
29310	398.07
29320	398.06
29330	398.12
29340	398.17
29350	398.29
29360	398.34
29370	398.42
29380	398.59
29390	398.59
29400	398.53
29410	398.61
29420	398.69
29430	398.81
29440	398.88
29450	398.93
29460	399.13
29470	399.18
29480	399.24
29490	399.25
29500	399.22
29510	399.31
29520	399.43
29530	399.53
29540	399.56
29550	399.7
29560	399.8
29570	399.88
29580	399.93
29590	399.96
29600	400.0
29610	400.14
29620	400.29
29630	400.3
29640	400.46
29650	400.6
29660	400.68
29670	400.7
29680	400.74
29690	400.77
29700	400.82
29710	401.06
29720	401.13
29730	401.18
29740	401.3
29750	401.34
29760	401.37
29770	401.4
29780	401.61
29790	401.74
29800	401.93
29810	402.02
29820	402.04
29830	402.2
29840	402.35
29850	402.43
29860	402.55
29870	402.68
29880	402.78
29890	402.71
29900	402.78
29910	402.88
29920	402.92
29930	402.93
29940	402.91
29950	402.97
29960	403.1
29970	403.13
29980	403.18
29990	403.26
30000	403.34
30010	403.34
30020	403.4
30030	403.54
30040	403.63
30050	403.75
30060	403.85
30070	403.99
30080	404.03
30090	404.13
30100	404.1
30110	404.15
30120	404.33
30130	404.54
30140	404.59
30150	404.7
30160	404.8
30170	404.94
30180	405.01
30190	405.12
30200	405.23
30210	405.34
30220	405.35
30230	405.45
30240	405.54
30250	405.5
30260	405.62
30270	405.7
30280	405.74
30290	405.85
30300	405.92
30310	406.01
30320	406.04
30330	406.1
30340	406.16
30350	406.32
30360	406.4
30370	406.53
30380	406.58
30390	406.61
30400	406.63
30410	406.68
30420	406.78
30430	406.86
30440	406.93
30450	407.09
30460	407.19
30470	407.25
30480	407.34
30490	407.39
30500	407.44
30510	407.47
30520	407.52
30530	407.59
30540	407.7
30550	407.8
30560	407.76
30570	407.88
30580	407.91
30590	407.98
30600	408.12
30610	408.22
30620	408.38
30630	408.5
30640	408.64
30650	408.65
30660	408.69
30670	408.73
30680	408.81
30690	408.89
30700	409.01
30710	409.14
30720	409.16
30730	409.21
30740	409.3
30750	409.23
30760	409.25
30770	409.38
30780	409.52
30790	409.61
30800	409.7
30810	409.78
30820	409.82
30830	410.05
30840	410.07
30850	410.23
30860	410.32
30870	410.33
30880	410.41
30890	410.45
30900	410.46
30910	410.47
30920	410.45
30930	410.57
30940	410.7
30950	410.83
30960	410.81
30970	411.04
30980	411.18
30990	411.34
31000	411.47
31010	411.56
31020	411.71
31030	411.79
31040	411.89
31050	411.99
31060	412.06
31070	412.05
31080	412.15
31090	412.34
31100	412.46
31110	412.55
31120	412.59
31130	412.64
31140	412.65
31150	412.72
31160	412.83
31170	412.92
31180	413.07
31190	413.12
31200	413.17
31210	413.22
31220	413.39
31230	413.44
31240	413.5
31250	413.65
31260	413.69
31270	413.75
31280	413.7
31290	413.75
31300	413.79
31310	413.79
31320	413.78
31330	413.87
31340	413.97
31350	414.04
31360	414.2
31370	414.22
31380	414.3
31390	414.31
31400	414.52
31410	414.56
31420	414.73
31430	414.75
31440	414.81
31450	414.86
31460	414.89
31470	414.97
31480	415.08
31490	415.2
31500	415.31
31510	415.47
31520	415.59
31530	415.54
31540	415.7
31550	415.85
31560	415.98
31570	416.04
31580	416.11
31590	416.2
31600	416.33
31610	416.45
31620	416.54
31630	416.59
31640	416.76
31650	416.85
31660	416.8
31670	416.79
31680	416.91
31690	416.97
31700	417.02
31710	417.11
31720	417.2
31730	417.29
31740	417.31
31750	417.44
31760	417.44
31770	417.54
31780	417.58
31790	417.66
31800	417.65
31810	417.76
31820	417.84
31830	417.93
31840	418.09
31850	418.26
31860	418.37
31870	418.41
31880	418.46
31890	418.58
31900	418.75
31910	418.85
31920	418.99
31930	419.11
31940	419.23
31950	419.41
31960	419.47
31970	419.48
31980	419.56
31990	419.59
32000	419.73
32010	419.88
32020	420.03
32030	420.09
32040	420.15
32050	420.28
32060	420.47
32070	420.6
32080	420.74
32090	420.82
32100	420.87
32110	420.92
32120	420.96
32130	421.02
32140	421.04
32150	421.05
32160	421.18
32170	421.18
32180	421.31
32190	421.33
32200	421.32
32210	421.36
32220	421.48
32230	421.55
32240	421.67
32250	421.72
32260	421.78
32270	421.83
32280	421.8
32290	421.97
32300	421.98
32310	422.01
32320	422.05
32330	422.07
32340	422.1
32350	422.19
32360	422.16
32370	422.26
32380	422.23
32390	422.32
32400	422.44
32410	422.49
32420	422.6
32430	422.6
32440	422.66
32450	422.8
32460	422.86
32470	423.01
32480	423.04
32490	422.97
32500	422.99
32510	423.09
32520	423.08
32530	423.02
32540	423.12
32550	423.14
32560	423.3
32570	423.39
32580	423.45
32590	423.51
32600	423.57
32610	423.56
32620	423.62
32630	423.73
32640	423.76
32650	423.86
32660	423.93
32670	424.02
32680	424.13
32690	424.17
32700	424.29
32710	424.44
32720	424.58
32730	424.78
32740	424.86
32750	424.97
32760	425.03
32770	425.07
32780	425.18
32790	425.34
32800	425.42
32810	425.59
32820	425.64
32830	425.7
32840	425.74
32850	425.76
32860	425.8
32870	425.91
32880	426.06
32890	426.17
32900	426.26
32910	426.25
32920	426.34
32930	426.43
32940	426.57
32950	426.62
32960	426.77
32970	426.88
32980	426.96
32990	427.04
33000	427.09
33010	427.18
33020	427.25
33030	427.34
33040	427.44
33050	427.48
33060	427.66
33070	427.7
33080	427.74
33090	427.75
33100	427.77
33110	427.87
33120	427.98
33130	428.06
33140	428.21
33150	428.27
33160	428.37
33170	428.5
33180	428.59
33190	428.64
33200	428.63
33210	428.68
33220	428.83
33230	428.97
33240	429.05
33250	429.18
33260	429.27
33270	429.3
33280	429.43
33290	429.5
33300	429.61
33310	429.65
33320	429.71
33330	429.78
33340	429.77
33350	429.83
33360	429.89
33370	429.96
33380	430.03
33390	430.19
33400	430.33
33410	430.34
33420	430.43
33430	430.45
33440	430.59
33450	430.7
33460	430.8
33470	430.91
33480	431.05
33490	431.14
33500	431.16
33510	431.23
33520	431.31
33530	431.41
33540	431.6
33550	431.66
33560	431.83
33570	431.89
33580	431.97
33590	432.02
33600	432.04
33610	432.08
33620	432.27
33630	432.4
33640	432.44
33650	432.53
33660	432.63
33670	432.77
33680	432.89
33690	432.9
33700	433.02
33710	433.29
33720	433.46
33730	433.52
33740	433.63
33750	433.78
33760	433.88
33770	434.03
33780	434.04
33790	434.18
33800	434.25
33810	434.39
33820	434.46
33830	434.54
33840	434.6
33850	434.68
33860	434.71
33870	434.71
33880	434.75
33890	434.91
33900	435.07
33910	435.16
33920	435.23
33930	435.36
33940	435.44
33950	435.6
33960	435.74
33970	435.86
33980	435.91
33990	436.05
34000	436.14
34010	436.19
34020	436.2
34030	436.23
34040	436.33
34050	436.42
34060	436.5
34070	436.65
34080	436.74
34090	436.84
34100	437.02
34110	437.04
34120	437.17
34130	437.35
34140	437.54
34150	437.69
34160	437.76
34170	437.83
34180	438.08
34190	438.11
34200	438.19
34210	438.22
34220	438.37
34230	438.49
34240	438.52
34250	438.6
34260	438.59
34270	438.81
34280	438.88
34290	439.02
34300	439.1
34310	439.28
34320	439.33
34330	439.36
34340	439.38
34350	439.51
34360	439.49
34370	439.6
34380	439.8
34390	439.95
34400	440.07
34410	440.18
34420	440.31
34430	440.4
34440	440.45
34450	440.57
34460	440.62
34470	440.63
34480	440.68
34490	440.75
34500	440.89
34510	440.87
34520	440.89
34530	440.98
34540	441.13
34550	441.22
34560	441.33
34570	441.43
34580	441.42
34590	441.43
34600	441.48
34610	441.62
34620	441.67
34630	441.83
34640	441.97
34650	442.03
34660	442.1
34670	442.24
34680	442.4
34690	442.47
34700	442.48
34710	442.51
34720	442.52
34730	442.56
34740	442.59
34750	442.6
34760	442.83
34770	442.98
34780	442.98
34790	443.15
34800	443.39
34810	443.58
34820	443.57
34830	443.64
34840	443.74
34850	443.84
34860	443.92
34870	443.92
34880	444.02
34890	444.1
34900	444.12
34910	444.19
34920	444.3
34930	444.32
34940	444.47
34950	444.6
34960	444.67
34970	444.79
34980	444.93
34990	444.98
35000	445.03
35010	445.03
35020	445.06
35030	445.18
35040	445.32
35050	445.37
35060	445.43
35070	445.54
35080	445.63
35090	445.7
35100	445.72
35110	445.8
35120	445.83
35130	445.83
35140	445.94
35150	445.98
35160	446.08
35170	446.21
35180	446.27
35190	446.37
35200	446.55
35210	446.68
35220	446.78
35230	446.8
35240	446.88
35250	447.02
35260	447.16
35270	447.18
35280	447.21
35290	447.29
35300	447.37
35310	447.46
35320	447.64
35330	447.72
35340	447.8
35350	447.95
35360	447.99
35370	448.14
35380	448.25
35390	448.33
35400	448.41
35410	448.51
35420	448.49
35430	448.64
35440	448.72
35450	448.77
35460	448.86
35470	448.88
35480	448.96
35490	448.96
35500	449.03
35510	448.97
35520	449.02
35530	449.03
35540	449.16
35550	449.15
35560	449.19
35570	449.37
35580	449.44
35590	449.44
35600	449.52
35610	449.53
35620	449.63
35630	449.65
35640	449.63
35650	449.74
35660	449.86
35670	449.95
35680	450.1
35690	450.21
35700	450.29
35710	450.44
35720	450.62
35730	450.66
35740	450.72
35750	450.75
35760	450.7
35770	450.81
35780	450.92
35790	450.98
35800	450.98
35810	451.03
35820	451.18
35830	451.25
35840	451.33
35850	451.48
35860	451.61
35870	451.63
35880	451.77
35890	451.83
35900	451.91
35910	451.97
35920	452.11
35930	452.26
35940	452.38
35950	452.49
35960	452.51
35970	452.56
35980	452.55
35990	452.62
36000	452.6
36010	452.76
36020	452.83
36030	452.85
36040	452.96
36050	453.02
36060	453.06
36070	453.04
36080	453.13
36090	453.2
36100	453.26
36110	453.36
36120	453.44
36130	453.56
36140	453.68
36150	453.72
36160	453.75
36170	453.9
36180	453.94
36190	454.04
36200	454.07
36210	454.17
36220	454.18
36230	454.22
36240	454.34
36250	454.46
36260	454.38
36270	454.38
36280	454.54
36290	454.68
36300	454.7
36310	454.79
36320	454.9
36330	454.95
36340	455.05
36350	455.19
36360	455.31
36370	455.33
36380	455.5
36390	455.67
36400	455.83
36410	455.92
36420	455.98
36430	456.07
36440	456.21
36450	456.3
36460	456.34
36470	456.51
36480	456.66
36490	456.85
36500	456.98
36510	457.01
36520	457.07
36530	457.18
36540	457.33
36550	457.45
36560	457.52
36570	457.6
36580	457.77
36590	457.85
36600	457.87
36610	457.93
36620	458.06
36630	458.02
36640	458.0
36650	458.08
36660	458.18
36670	458.21
36680	458.21
36690	458.18
36700	458.21
36710	458.31
36720	458.36
36730	458.44
36740	458.62
36750	458.69
36760	458.84
36770	458.91
36780	458.96
36790	459.05
36800	459.08
36810	459.23
36820	459.24
36830	459.32
36840	459.44
36850	459.48
36860	459.59
36870	459.68
36880	459.75
36890	459.81
36900	459.85
36910	459.93
36920	459.89
36930	459.94
36940	460.09
36950	460.2
36960	460.23
36970	460.35
36980	460.46
36990	460.47
37000	460.54
37010	460.6
37020	460.67
37030	460.79
37040	460.88
37050	460.96
37060	461.04
37070	461.15
37080	461.26
37090	461.32
37100	461.47
37110	461.61
37120	461.57
37130	461.75
37140	461.87
37150	462.0
37160	462.08
37170	462.2
37180	462.3
37190	462.43
37200	462.6
37210	462.69
37220	462.78
37230	462.79
37240	462.86
37250	462.99
37260	463.11
37270	463.2
37280	463.37
37290	463.33
37300	463.42
37310	463.44
37320	463.56
37330	463.73
37340	463.79
37350	463.79
37360	463.84
37370	463.82
37380	463.79
37390	463.84
37400	463.92
37410	464.05
37420	464.12
37430	464.19
37440	464.29
37450	464.43
37460	464.49
37470	464.53
37480	464.65
37490	464.71
37500	464.83
37510	464.99
37520	465.05
37530	465.08
37540	465.18
37550	465.23
37560	465.37
37570	465.51
37580	465.61
37590	465.64
37600	465.64
37610	465.81
37620	465.96
37630	466.02
37640	466.04
37650	466.09
37660	466.2
37670	466.24
37680	466.31
37690	466.47
37700	466.73
37710	466.75
37720	466.83
37730	466.95
37740	466.97
37750	467.09
37760	467.15
37770	467.29
37780	467.29
37790	467.4
37800	467.45
37810	467.55
37820	467.66
37830	467.84
37840	467.93
37850	468.03
37860	468.08
37870	468.17
37880	468.17
37890	468.2
37900	468.27
37910	468.31
37920	468.39
37930	468.48
37940	468.68
37950	468.82
37960	468.91
37970	468.98
37980	469.15
37990	469.25
38000	469.47
38010	469.57
38020	469.64
38030	469.65
38040	469.61
38050	469.64
38060	469.72
38070	469.77
38080	469.85
38090	469.85
38100	470.0
38110	470.11
38120	470.22
38130	470.41
38140	470.47
38150	470.55
38160	470.71
38170	470.82
38180	470.86
38190	470.91
38200	471.02
38210	471.15
38220	471.22
38230	471.19
38240	471.2
38250	471.28
38260	471.33
38270	471.29
38280	471.36
38290	471.41
38300	471.51
38310	471.67
38320	471.69
38330	471.79
38340	471.84
38350	471.84
38360	471.87
38370	471.91
38380	472.06
38390	472.15
38400	472.39
38410	472.48
38420	472.52
38430	472.54
38440	472.53
38450	472.64
38460	472.72
38470	472.74
38480	472.9
38490	472.98
38500	473.12
38510	473.21
38520	473.23
38530	473.3
38540	473.31
38550	473.36
38560	473.45
38570	473.54
38580	473.65
38590	473.69
38600	473.68
38610	473.81
38620	473.87
38630	473.94
38640	473.96
38650	473.99
38660	474.0
38670	474.07
38680	474.13
38690	474.04
38700	474.11
38710	474.19
38720	474.26
38730	474.33
38740	474.49
38750	474.57
38760	474.69
38770	474.77
38780	474.86
38790	474.92
38800	475.04
38810	475.11
38820	475.17
38830	475.31
38840	475.41
38850	475.48
38860	475.54
38870	475.51
38880	475.56
38890	475.64
38900	475.76
38910	475.89
38920	476.01
38930	476.18
38940	476.24
38950	476.29
38960	476.37
38970	476.48
38980	476.59
38990	476.69
39000	476.72
39010	476.9
39020	477.0
39030	477.04
39040	477.13
39050	477.23
39060	477.26
39070	477.39
39080	477.41
39090	477.51
39100	477.67
39110	477.83
39120	477.95
39130	477.97
39140	478.09
39150	478.12
39160	478.11
39170	478.21
39180	478.27
39190	478.43
39200	478.5
39210	478.64
39220	478.69
39230	478.75
39240	478.8
39250	478.91
39260	478.93
39270	478.98
39280	478.97
39290	479.05
39300	479.13
39310	479.2
39320	479.3
39330	479.34
39340	479.35
39350	479.37
39360	479.5
39370	479.57
39380	479.68
39390	479.78
39400	479.93
39410	479.98
39420	479.98
39430	480.01
39440	479.99
39450	480.03
39460	480.14
39470	480.25
39480	480.35
39490	480.44
39500	480.53
39510	480.48
39520	480.67
39530	480.68
39540	480.77
39550	480.79
39560	480.95
39570	481.04
39580	481.05
39590	481.05
39600	481.15
39610	481.16
39620	481.27
39630	481.28
39640	481.39
39650	481.45
39660	481.49
39670	481.68
39680	481.65
39690	481.73
39700	481.8
39710	481.97
39720	482.1
39730	482.27
39740	482.29
39750	482.36
39760	482.52
39770	482.56
39780	482.7
39790	482.73
39800	482.83
39810	482.91
39820	482.92
39830	483.09
39840	483.16
39850	483.18
39860	483.29
39870	483.39
39880	483.54
39890	483.65
39900	483.82
39910	483.85
39920	483.91
39930	484.09
39940	484.15
39950	484.24
39960	484.35
39970	484.38
39980	484.52
39990	484.63
40000	484.71
40010	484.79
40020	484.89
40030	484.99
40040	484.98
40050	485.08
40060	485.09
40070	485.14
40080	485.2
40090	485.28
40100	485.31
40110	485.34
40120	485.45
40130	485.48
40140	485.58
40150	485.75
40160	485.79
40170	485.83
40180	485.88
40190	485.91
40200	486.03
40210	486.11
40220	486.05
40230	486.22
40240	486.37
40250	486.54
40260	486.73
40270	486.9
40280	486.93
40290	486.99
40300	487.18
40310	487.24
40320	487.32
40330	487.42
40340	487.57
40350	487.65
40360	487.66
40370	487.75
40380	487.88
40390	488.0
40400	488.06
40410	488.2
40420	488.33
40430	488.39
40440	488.45
40450	488.5
40460	488.71
40470	488.79
40480	488.95
40490	488.98
40500	489.0
40510	489.02
40520	489.09
40530	489.03
40540	489.02
40550	489.13
40560	489.24
40570	489.3
40580	489.41
40590	489.48
40600	489.54
40610	489.54
40620	489.6
40630	489.64
40640	489.65
40650	489.81
40660	489.92
40670	489.99
40680	490.21
40690	490.33
40700	490.36
40710	490.48
40720	490.56
40730	490.68
40740	490.76
40750	490.86
40760	490.81
40770	490.84
40780	490.99
40790	491.09
40800	491.25
40810	491.39
40820	491.55
40830	491.64
40840	491.69
40850	491.72
40860	491.85
40870	492.04
40880	492.15
40890	492.19
40900	492.3
40910	492.37
40920	492.41
40930	492.41
40940	492.57
40950	492.59
40960	492.77
40970	492.9
40980	492.96
40990	493.05
41000	493.18
41010	493.28
41020	493.35
41030	493.41
41040	493.5
41050	493.49
41060	493.56
41070	493.7
41080	493.84
41090	493.92
41100	493.94
41110	493.99
41120	494.04
41130	494.18
41140	494.24
41150	494.34
41160	494.5
41170	494.55
41180	494.63
41190	494.75
41200	494.86
41210	494.99
41220	495.02
41230	495.03
41240	495.16
41250	495.19
41260	495.21
41270	495.24
41280	495.36
41290	495.46
41300	495.52
41310	495.53
41320	495.64
41330	495.69
41340	495.73
41350	495.88
41360	496.01
41370	496.14
41380	496.15
41390	496.23
41400	496.33
41410	496.33
41420	496.45
41430	496.5
41440	496.69
41450	496.76
41460	496.79
41470	496.87
41480	496.94
41490	496.97
41500	496.99
41510	497.16
41520	497.28
41530	497.39
41540	497.47
41550	497.5
41560	497.48
41570	497.63
41580	497.72
41590	497.87
41600	498.03
41610	498.04
41620	498.22
41630	498.36
41640	498.43
41650	498.46
41660	498.49
41670	498.64
41680	498.77
41690	498.89
41700	498.9
41710	498.98
41720	499.14
41730	499.22
41740	499.25
41750	499.41
41760	499.45
41770	499.52
41780	499.58
41790	499.56
41800	499.7
41810	499.89
41820	499.98
41830	500.18
41840	500.26
41850	500.31
41860	500.48
41870	500.55
41880	500.69
41890	500.73
41900	500.82
41910	500.91
41920	500.93
41930	501.12
41940	501.18
41950	501.3
41960	501.47
41970	501.6
41980	501.65
41990	501.82
42000	501.93
42010	501.99
42020	502.16
42030	502.21
42040	502.35
42050	502.29
42060	502.4
42070	502.41
42080	502.55
42090	502.58
42100	502.6
42110	502.75
42120	502.83
42130	502.91
42140	502.94
42150	502.99
42160	503.18
42170	503.37
42180	503.41
42190	503.43
42200	503.56
42210	503.74
42220	503.77
42230	503.83
42240	503.92
42250	503.98
42260	504.0
42270	503.99
42280	504.02
42290	504.18
42300	504.23
42310	504.33
42320	504.38
42330	504.47
42340	504.59
42350	504.62
42360	504.75
42370	504.77
42380	504.88
42390	504.93
42400	505.03
42410	505.12
42420	505.26
42430	505.42
42440	505.56
42450	505.59
42460	505.66
42470	505.72
42480	505.81
42490	505.9
42500	505.92
42510	505.98
42520	506.14
42530	506.31
42540	506.33
42550	506.46
42560	506.57
42570	506.72
42580	506.85
42590	506.85
42600	506.99
42610	507.09
42620	507.08
42630	507.12
42640	507.13
42650	507.26
42660	507.29
42670	507.37
42680	507.46
42690	507.63
42700	507.74
42710	507.83
42720	507.98
42730	508.07
42740	508.06
42750	508.19
42760	508.27
42770	508.22
42780	508.33
42790	508.4
42800	508.39
42810	508.5
42820	508.64
42830	508.71
42840	508.7
42850	508.75
42860	508.87
42870	508.88
42880	508.94
42890	509.04
42900	509.15
42910	509.29
42920	509.44
42930	509.56
42940	509.54
42950	509.69
42960	509.8
42970	509.82
42980	509.84
42990	509.94
43000	509.97
43010	510.06
43020	510.19
43030	510.37
43040	510.45
43050	510.56
43060	510.6
43070	510.74
43080	510.89
43090	510.97
43100	511.14
43110	511.13
43120	511.2
43130	511.28
43140	511.4
43150	511.49
43160	511.61
43170	511.71
43180	511.83
43190	511.87
43200	511.9
43210	512.0
43220	512.14
43230	512.2
43240	512.29
43250	512.32
43260	512.38
43270	512.48
43280	512.54
43290	512.66
43300	512.76
43310	512.74
43320	512.82
43330	512.87
43340	512.96
43350	513.13
43360	513.24
43370	513.42
43380	513.46
43390	513.55
43400	513.63
43410	513.58
43420	513.68
43430	513.76
43440	513.79
43450	513.82
43460	513.93
43470	513.96
43480	514.0
43490	513.97
43500	514.01
43510	514.07
43520	514.26
43530	514.47
43540	514.47
43550	514.61
43560	514.75
43570	514.91
43580	515.01
43590	515.14
43600	515.23
43610	515.34
43620	515.45
43630	515.59
43640	515.65
43650	515.81
43660	515.9
43670	515.94
43680	516.06
43690	516.21
43700	516.32
43710	516.38
43720	516.44
43730	516.49
43740	516.66
43750	516.76
43760	516.82
43770	516.8
43780	516.84
43790	517.02
43800	517.12
43810	517.2
43820	517.3
43830	517.37
43840	517.42
43850	517.61
43860	517.71
43870	517.77
43880	517.84
43890	517.86
43900	517.86
43910	517.94
43920	518.05
43930	518.02
43940	518.12
43950	518.23
43960	518.34
43970	518.46
43980	518.47
43990	518.58
44000	518.57
44010	518.61
44020	518.68
44030	518.71
44040	518.79
44050	518.84
44060	518.96
44070	519.13
44080	519.19
44090	519.37
44100	519.45
44110	519.46
44120	519.53
44130	519.63
44140	519.71
44150	519.88
44160	519.89
44170	519.93
44180	519.97
44190	519.94
44200	520.02
44210	520.11
44220	520.17
44230	520.24
44240	520.3
44250	520.35
44260	520.42
44270	520.5
44280	520.62
44290	520.75
44300	520.78
44310	520.81
44320	520.89
44330	520.94
44340	521.05
44350	521.19
44360	521.28
44370	521.35
44380	521.47
44390	521.5
44400	521.66
44410	521.82
44420	521.92
44430	522.05
44440	522.2
44450	522.31
44460	522.42
44470	522.47
44480	522.59
44490	522.66
44500	522.8
44510	522.81
44520	522.85
44530	522.92
44540	523.02
44550	523.04
44560	523.1
44570	523.16
44580	523.22
44590	523.22
44600	523.24
44610	523.29
44620	523.47
44630	523.58
44640	523.76
44650	523.86
44660	523.98
44670	524.02
44680	524.16
44690	524.26
44700	524.35
44710	524.43
44720	524.45
44730	524.51
44740	524.57
44750	524.72
44760	524.8
44770	524.87
44780	525.0
44790	525.02
44800	525.22
44810	525.35
44820	525.43
44830	525.6
44840	525.71
44850	525.74
44860	525.83
44870	525.89
44880	525.96
44890	525.98
44900	526.14
44910	526.21
44920	526.2
44930	526.33
44940	526.35
44950	526.43
44960	526.56
44970	526.64
44980	526.64
44990	526.73
45000	526.88
45010	526.93
45020	527.05
45030	527.15
45040	527.27
45050	527.36
45060	527.46
45070	527.47
45080	527.55
45090	527.59
45100	527.73
45110	527.79
45120	527.83
45130	528.02
45140	528.05
45150	528.22
45160	528.35
45170	528.33
45180	528.49
45190	528.57
45200	528.69
45210	528.77
45220	528.75
45230	528.86
45240	528.9
45250	528.97
45260	528.97
45270	529.12
45280	529.15
45290	529.21
45300	529.35
45310	529.44
45320	529.53
45330	529.66
45340	529.78
45350	529.95
45360	530.01
45370	530.15
45380	530.17
45390	530.31
45400	530.46
45410	530.61
45420	530.68
45430	530.75
45440	530.84
45450	530.89
45460	531.01
45470	531.04
45480	531.1
45490	531.19
45500	531.23
45510	531.32
45520	531.35
45530	531.39
45540	531.52
45550	531.54
45560	531.62
45570	531.72
45580	531.73
45590	531.9
45600	531.94
45610	531.96
45620	531.96
45630	532.0
45640	532.03
45650	532.02
45660	531.96
45670	532.0
45680	532.07
45690	532.09
45700	532.26
45710	532.22
45720	532.33
45730	532.43
45740	532.49
45750	532.64
45760	532.67
45770	532.73
45780	532.85
45790	532.96
45800	533.06
45810	533.13
45820	533.28
45830	533.37
45840	533.45
45850	533.51
45860	533.56
45870	533.65
45880	533.7
45890	533.83
45900	533.95
45910	534.08
45920	534.2
45930	534.38
45940	534.48
45950	534.57
45960	534.6
45970	534.69
45980	534.77
45990	534.91
46000	534.89
46010	535.05
46020	534.96
46030	535.04
46040	535.08
46050	535.18
46060	535.24
46070	535.33
46080	535.3
46090	535.41
46100	535.39
46110	535.41
46120	535.48
46130	535.53
46140	535.52
46150	535.64
46160	535.72
46170	535.8
46180	535.94
46190	536.0
46200	536.08
46210	536.14
46220	536.29
46230	536.45
46240	536.67
46250	536.79
46260	536.93
46270	536.98
46280	537.05
46290	537.14
46300	537.26
46310	537.36
46320	537.51
46330	537.56
46340	537.64
46350	537.81
46360	537.87
46370	538.02
46380	538.12
46390	538.24
46400	538.35
46410	538.4
46420	538.45
46430	538.53
46440	538.53
46450	538.6
46460	538.76
46470	538.88
46480	539.06
46490	539.19
46500	539.27
46510	539.36
46520	539.33
46530	539.41
46540	539.45
46550	539.5
46560	539.53
46570	539.7
46580	539.81
46590	539.83
46600	539.88
46610	539.96
46620	540.09
46630	540.21
46640	540.35
46650	540.45
46660	540.59
46670	540.67
46680	540.65
46690	540.77
46700	540.91
46710	541.08
46720	541.21
46730	541.29
46740	541.48
46750	541.54
46760	541.57
46770	541.59
46780	541.69
46790	541.76
46800	541.93
46810	542.09
46820	542.17
46830	542.38
46840	542.44
46850	542.47
46860	542.52
46870	542.64
46880	542.86
46890	542.95
46900	543.09
46910	543.14
46920	543.18
46930	543.27
46940	543.23
46950	543.36
46960	543.43
46970	543.48
46980	543.64
46990	543.7
47000	543.86
47010	543.87
47020	543.92
47030	544.09
47040	544.18
47050	544.26
47060	544.39
47070	544.53
47080	544.63
47090	544.7
47100	544.76
47110	544.78
47120	544.88
47130	545.01
47140	545.04
47150	545.16
47160	545.26
47170	545.34
47180	545.49
47190	545.66
47200	545.71
47210	545.84
47220	545.91
47230	546.02
47240	546.08
47250	546.18
47260	546.25
47270	546.4
47280	546.48
47290	546.58
47300	546.68
47310	546.76
47320	546.92
47330	546.98
47340	547.09
47350	547.11
47360	547.2
47370	547.33
47380	547.43
47390	547.41
47400	547.59
47410	547.61
47420	547.68
47430	547.75
47440	547.7
47450	547.84
47460	547.9
47470	548.01
47480	548.08
47490	548.28
47500	548.36
47510	548.46
47520	548.6
47530	548.6
47540	548.67
47550	548.7
47560	548.87
47570	549.0
47580	549.07
47590	549.29
47600	549.44
47610	549.54
47620	549.54
47630	549.53
47640	549.62
47650	549.74
47660	549.87
47670	549.99
47680	550.04
47690	550.08
47700	550.18
47710	550.28
47720	550.34
47730	550.49
47740	550.63
47750	550.79
47760	550.85
47770	550.89
47780	550.98
47790	551.12
47800	551.11
47810	551.15
47820	551.24
47830	551.36
47840	551.38
47850	551.46
47860	551.46
47870	551.4
47880	551.49
47890	551.51
47900	551.61
47910	551.6
47920	551.71
47930	551.89
47940	552.0
47950	552.15
47960	552.21
47970	552.32
47980	552.48
47990	552.55
48000	552.59
48010	552.62
48020	552.63
48030	552.8
48040	552.92
48050	553.04
48060	553.07
48070	553.19
48080	553.22
48090	553.38
48100	553.41
48110	553.54
48120	553.6
48130	553.67
48140	553.76
48150	553.84
48160	553.94
48170	554.06
48180	554.08
48190	554.11
48200	554.14
48210	554.26
48220	554.31
48230	554.39
48240	554.48
48250	554.6
48260	554.69
48270	554.8
48280	554.97
48290	555.04
48300	555.12
48310	555.23
48320	555.3
48330	555.53
48340	555.51
48350	555.6
48360	555.62
48370	555.65
48380	555.63
48390	555.73
48400	555.83
48410	555.91
48420	555.99
48430	556.08
48440	556.17
48450	556.22
48460	556.3
48470	556.44
48480	556.46
48490	556.58
48500	556.62
48510	556.76
48520	556.87
48530	557.0
48540	557.07
48550	557.16
48560	557.34
48570	557.43
48580	557.53
48590	557.55
48600	557.65
48610	557.72
48620	557.79
48630	557.84
48640	558.04
48650	558.21
48660	558.35
48670	558.5
48680	558.61
48690	558.67
48700	558.69
48710	558.78
48720	558.96
48730	558.96
48740	559.07
48750	559.22
48760	559.22
48770	559.37
48780	559.45
48790	559.52
48800	559.58
48810	559.66
48820	559.65
48830	559.78
48840	559.88
48850	559.94
48860	560.1
48870	560.17
48880	560.27
48890	560.25
48900	560.34
48910	560.38
48920	560.47
48930	560.56
48940	560.67
48950	560.77
48960	560.9
48970	561.05
48980	561.03
48990	560.96
49000	561.05
49010	561.18
49020	561.28
49030	561.3
49040	561.47
49050	561.6
49060	561.61
49070	561.68
49080	561.67
49090	561.76
49100	561.82
49110	561.85
49120	561.89
49130	562.08
49140	562.23
49150	562.31
49160	562.39
49170	562.51
49180	562.55
49190	562.64
49200	562.65
49210	562.69
49220	562.74
49230	562.72
49240	562.81
49250	562.87
49260	562.95
49270	562.99
49280	563.1
49290	563.17
49300	563.23
49310	563.32
49320	563.43
49330	563.46
49340	563.57
49350	563.73
49360	563.79
49370	564.02
49380	564.09
49390	564.26
49400	564.34
49410	564.44
49420	564.55
49430	564.6
49440	564.7
49450	564.8
49460	564.84
49470	564.92
49480	565.04
49490	565.12
49500	565.23
49510	565.31
49520	565.36
49530	565.44
49540	565.53
49550	565.64
49560	565.7
49570	565.79
49580	565.86
49590	565.87
49600	565.86
49610	565.93
49620	566.05
49630	566.19
49640	566.27
49650	566.33
49660	566.39
49670	566.47
49680	566.55
49690	566.63
49700	566.77
49710	566.81
49720	566.9
49730	567.01
49740	567.11
49750	567.23
49760	567.39
49770	567.47
49780	567.57
49790	567.61
49800	567.66
49810	567.8
49820	567.93
49830	568.07
49840	568.12
49850	568.26
49860	568.44
49870	568.56
49880	568.6
49890	568.65
49900	568.69
49910	568.75
49920	568.87
49930	569.02
49940	569.16
49950	569.27
49960	569.33
49970	569.32
49980	569.47
49990	569.54
50000	569.65
50010	569.74
50020	569.72
50030	569.77
50040	569.83
50050	569.96
50060	570.13
50070	570.17
50080	570.16
50090	570.24
50100	570.27
50110	570.4
50120	570.36
50130	570.33
50140	570.4
50150	570.52
50160	570.58
50170	570.69
50180	570.87
50190	570.86
50200	570.86
50210	570.85
50220	570.99
50230	571.06
50240	571.14
50250	571.23
50260	571.25
50270	571.37
50280	571.4
50290	571.45
50300	571.52
50310	571.66
50320	571.7
50330	571.66
50340	571.65
50350	571.76
50360	571.87
50370	571.87
50380	571.9
50390	571.96
50400	571.99
50410	572.14
50420	572.13
50430	572.25
50440	572.31
50450	572.37
50460	572.48
50470	572.6
50480	572.65
50490	572.74
50500	572.8
50510	572.79
50520	572.8
50530	572.88
50540	572.96
50550	572.95
50560	573.07
50570	573.21
50580	573.26
50590	573.37
50600	573.51
50610	573.71
50620	573.78
50630	573.86
50640	573.92
50650	573.97
50660	574.14
50670	574.2
50680	574.28
50690	574.37
50700	574.43
50710	574.47
50720	574.51
50730	574.55
50740	574.64
50750	574.73
50760	574.86
50770	574.91
50780	574.99
50790	575.04
50800	575.11
50810	575.28
50820	575.46
50830	575.49
50840	575.56
50850	575.64
50860	575.68
50870	575.77
50880	575.75
50890	575.81
50900	575.85
50910	575.96
50920	575.99
50930	576.06
50940	576.18
50950	576.28
50960	576.37
50970	576.51
50980	576.55
50990	576.56
51000	576.7
51010	576.72
51020	576.85
51030	576.93
51040	577.04
51050	577.14
51060	577.31
51070	577.33
51080	577.43
51090	577.55
51100	577.72
51110	577.71
51120	577.74
51130	577.83
51140	577.98
51150	578.11
51160	578.14
51170	578.25
51180	578.28
51190	578.34
51200	578.46
51210	578.47
51220	578.59
51230	578.6
51240	578.69
51250	578.78
51260	578.87
51270	578.98
51280	579.04
51290	579.16
51300	579.28
51310	579.32
51320	579.3
51330	579.51
51340	579.61
51350	579.73
51360	579.74
51370	579.83
51380	579.95
51390	579.93
51400	580.03
51410	580.16
51420	580.23
51430	580.24
51440	580.36
51450	580.45
51460	580.57
51470	580.7
51480	580.72
51490	580.78
51500	580.86
51510	580.93
51520	581.01
51530	581.13
51540	581.19
51550	581.2
51560	581.19
51570	581.38
51580	581.39
51590	581.48
51600	581.5
51610	581.56
51620	581.65
51630	581.69
51640	581.8
51650	581.83
51660	581.97
51670	582.01
51680	582.24
51690	582.32
51700	582.49
51710	582.71
51720	582.87
51730	583.05
51740	583.13
51750	583.18
51760	583.2
51770	583.27
51780	583.36
51790	583.48
51800	583.55
51810	583.63
51820	583.57
51830	583.69
51840	583.83
51850	584.0
51860	584.11
51870	584.17
51880	584.21
51890	584.28
51900	584.44
51910	584.62
51920	584.75
51930	584.89
51940	584.92
51950	584.99
51960	585.12
51970	585.28
51980	585.3
51990	585.47
52000	585.55
52010	585.62
52020	585.68
52030	585.78
52040	585.93
52050	585.96
52060	585.97
52070	586.04
52080	586.05
52090	586.17
52100	586.29
52110	586.45
52120	586.52
52130	586.65
52140	586.82
52150	586.94
52160	587.0
52170	587.05
52180	587.11
52190	587.18
52200	587.26
52210	587.39
52220	587.48
52230	587.66
52240	587.66
52250	587.7
52260	587.79
52270	587.81
52280	587.97
52290	588.11
52300	588.14
52310	588.17
52320	588.28
52330	588.33
52340	588.36
52350	588.38
52360	588.46
52370	588.6
52380	588.74
52390	588.91
52400	589.0
52410	589.07
52420	589.19
52430	589.19
52440	589.33
52450	589.43
52460	589.48
52470	589.55
52480	589.69
52490	589.77
52500	589.88
52510	589.93
52520	590.05
52530	590.25
52540	590.41
52550	590.46
52560	590.6
52570	590.63
52580	590.77
52590	590.96
52600	590.98
52610	591.16
52620	591.25
52630	591.21
52640	591.37
52650	591.43
52660	591.47
52670	591.54
52680	591.61
52690	591.71
52700	591.79
52710	591.89
52720	592.0
52730	592.09
52740	592.12
52750	592.35
52760	592.46
52770	592.58
52780	592.65
52790	592.8
52800	592.9
52810	593.07
52820	593.12
52830	593.28
52840	593.32
52850	593.45
52860	593.43
52870	593.45
52880	593.52
52890	593.58
52900	593.63
52910	593.79
52920	593.76
52930	593.84
52940	593.97
52950	594.06
52960	594.25
52970	594.29
52980	594.38
52990	594.42
53000	594.49
53010	594.55
53020	594.64
53030	594.67
53040	594.8
53050	595.04
53060	595.13
53070	595.19
53080	595.25
53090	595.35
53100	595.54
53110	595.54
53120	595.75
53130	595.85
53140	595.89
53150	596.1
53160	596.24
53170	596.27
53180	596.31
53190	596.25
53200	596.29
53210	596.34
53220	596.53
53230	596.61
53240	596.75
53250	596.79
53260	596.86
53270	596.94
53280	596.99
53290	597.11
53300	597.23
53310	597.3
53320	597.41
53330	597.51
53340	597.56
53350	597.65
53360	597.82
53370	597.86
53380	597.9
53390	597.88
53400	597.9
53410	598.01
53420	598.08
53430	598.18
53440	598.22
53450	598.31
53460	598.41
53470	598.47
53480	598.5
53490	598.64
53500	598.71
53510	598.82
53520	598.83
53530	598.89
53540	599.03
53550	599.08
53560	599.1
53570	599.24
53580	599.36
53590	599.41
53600	599.51
53610	599.55
53620	599.59
53630	599.73
53640	599.87
53650	600.05
53660	600.2
53670	600.3
53680	600.33
53690	600.41
53700	600.48
53710	600.49
53720	600.59
53730	600.7
53740	600.86
53750	600.92
53760	601.02
53770	601.1
53780	601.16
53790	601.2
53800	601.23
53810	601.39
53820	601.44
53830	601.54
53840	601.59
53850	601.62
53860	601.65
53870	601.73
53880	601.81
53890	601.93
53900	601.98
53910	602.02
53920	602.11
53930	602.2
53940	602.33
53950	602.39
53960	602.4
53970	602.51
53980	602.56
53990	602.68
54000	602.75
54010	602.87
54020	602.96
54030	603.05
54040	603.13
54050	603.28
54060	603.34
54070	603.4
54080	603.47
54090	603.59
54100	603.7
54110	603.87
54120	603.9
54130	604.04
54140	604.12
54150	604.21
54160	604.35
54170	604.45
54180	604.51
54190	604.62
54200	604.67
54210	604.77
54220	604.93
54230	604.92
54240	605.06
54250	605.19
54260	605.3
54270	605.33
54280	605.39
54290	605.49
54300	605.64
54310	605.7
54320	605.73
54330	605.88
54340	605.89
54350	605.97
54360	606.11
54370	606.11
54380	606.25
54390	606.33
54400	606.45
54410	606.55
54420	606.63
54430	606.63
54440	606.77
54450	606.87
54460	606.88
54470	606.95
54480	606.97
54490	607.04
54500	607.14
54510	607.25
54520	607.41
54530	607.42
54540	607.52
54550	607.6
54560	607.73
54570	607.75
54580	607.91
54590	608.03
54600	608.18
54610	608.32
54620	608.43
54630	608.48
54640	608.52
54650	608.59
54660	608.7
54670	608.8
54680	608.84
54690	608.84
54700	608.9
54710	608.88
54720	609.02
54730	609.19
54740	609.24
54750	609.48
54760	609.56
54770	609.55
54780	609.59
54790	609.63
54800	609.63
54810	609.74
54820	609.73
54830	609.78
54840	609.82
54850	609.9
54860	609.93
54870	610.0
54880	610.09
54890	610.23
54900	610.31
54910	610.46
54920	610.53
54930	610.62
54940	610.56
54950	610.66
54960	610.79
54970	610.9
54980	610.94
54990	610.95
55000	611.07
55010	611.12
55020	611.18
55030	611.26
55040	611.35
55050	611.32
55060	611.38
55070	611.39
55080	611.56
55090	611.59
55100	611.66
55110	611.65
55120	611.76
55130	611.85
55140	612.0
55150	612.0
55160	612.09
55170	612.14
55180	612.26
55190	612.3
55200	612.38
55210	612.42
55220	612.5
55230	612.6
55240	612.63
55250	612.65
55260	612.78
55270	612.8
55280	612.9
55290	613.04
55300	613.12
55310	613.33
55320	613.39
55330	613.47
55340	613.47
55350	613.49
55360	613.58
55370	613.65
55380	613.79
55390	613.75
55400	613.77
55410	613.85
55420	613.93
55430	613.95
55440	614.08
55450	614.11
55460	614.25
55470	614.29
55480	614.43
55490	614.5
55500	614.59
55510	614.71
55520	614.74
55530	614.93
55540	615.02
55550	615.19
55560	615.31
55570	615.24
55580	615.31
55590	615.43
55600	615.51
55610	615.6
55620	615.7
55630	615.82
55640	616.01
55650	616.04
55660	616.12
55670	616.19
55680	616.31
55690	616.39
55700	616.46
55710	616.62
55720	616.68
55730	616.71
55740	616.73
55750	616.73
55760	616.77
55770	616.84
55780	617.04
55790	617.05
55800	617.09
55810	617.07
55820	617.14
55830	617.22
55840	617.33
55850	617.39
55860	617.38
55870	617.41
55880	617.53
55890	617.57
55900	617.66
55910	617.74
55920	617.82
55930	617.92
55940	617.98
55950	618.07
55960	618.21
55970	618.22
55980	618.38
55990	618.55
56000	618.58
56010	618.65
56020	618.66
56030	618.64
56040	618.76
56050	618.91
56060	618.97
56070	619.06
56080	619.09
56090	619.12
56100	619.21
56110	619.29
56120	619.25
56130	619.32
56140	619.42
56150	619.5
56160	619.62
56170	619.7
56180	619.82
56190	619.8
56200	619.89
56210	619.97
56220	620.11
56230	620.28
56240	620.36
56250	620.47
56260	620.55
56270	620.65
56280	620.81
56290	620.93
56300	620.91
56310	620.97
56320	621.05
56330	621.1
56340	621.3
56350	621.47
56360	621.69
56370	621.82
56380	621.91
56390	622.03
56400	622.05
56410	622.03
56420	622.06
56430	622.2
56440	622.25
56450	622.27
56460	622.37
56470	622.35
56480	622.51
56490	622.5
56500	622.57
56510	622.57
56520	622.63
56530	622.74
56540	622.77
56550	622.82
56560	622.94
56570	623.01
56580	623.15
56590	623.24
56600	623.4
56610	623.47
56620	623.52
56630	623.55
56640	623.62
56650	623.69
56660	623.72
56670	623.69
56680	623.74
56690	623.83
56700	623.87
56710	623.87
56720	623.99
56730	624.03
56740	624.04
56750	624.02
56760	624.16
56770	624.17
56780	624.27
56790	624.29
56800	624.5
56810	624.61
56820	624.7
56830	624.81
56840	624.8
56850	624.87
56860	624.94
56870	625.13
56880	625.34
56890	625.47
56900	625.53
56910	625.58
56920	625.61
56930	625.68
56940	625.75
56950	625.84
56960	625.95
56970	626.03
56980	626.18
56990	626.4
57000	626.49
57010	626.61
57020	626.71
57030	626.8
57040	626.9
57050	626.98
57060	627.11
57070	627.19
57080	627.22
57090	627.3
57100	627.35
57110	627.4
57120	627.4
57130	627.54
57140	627.6
57150	627.65
57160	627.79
57170	627.94
57180	628.1
57190	628.16
57200	628.2
57210	628.27
57220	628.39
57230	628.51
57240	628.63
57250	628.68
57260	628.8
57270	628.87
57280	629.04
57290	629.1
57300	629.16
57310	629.17
57320	629.26
57330	629.35
57340	629.44
57350	629.57
57360	629.6
57370	629.69
57380	629.87
57390	629.96
57400	630.05
57410	630.19
57420	630.19
57430	630.38
57440	630.5
57450	630.55
57460	630.65
57470	630.77
57480	630.9
57490	630.92
57500	630.97
57510	631.01
57520	631.08
57530	631.26
57540	631.44
57550	631.6
57560	631.67
57570	631.76
57580	631.8
57590	631.83
57600	631.91
57610	631.93
57620	631.98
57630	632.03
57640	632.17
57650	632.26
57660	632.4
57670	632.63
57680	632.81
57690	632.92
57700	632.91
57710	633.02
57720	633.15
57730	633.31
57740	633.37
57750	633.57
57760	633.66
57770	633.81
57780	633.99
57790	634.09
57800	634.24
57810	634.3
57820	634.45
57830	634.64
57840	634.69
57850	634.81
57860	634.98
57870	635.06
57880	635.2
57890	635.23
57900	635.19
57910	635.32
57920	635.41
57930	635.53
57940	635.54
57950	635.64
57960	635.79
57970	635.84
57980	635.88
57990	635.93
58000	636.04
58010	636.14
58020	636.21
58030	636.28
58040	636.27
58050	636.42
58060	636.53
58070	636.59
58080	636.66
58090	636.8
58100	636.84
58110	636.97
58120	637.08
58130	637.16
58140	637.32
58150	637.31
58160	637.39
58170	637.45
58180	637.47
58190	637.45
58200	637.52
58210	637.61
58220	637.8
58230	637.88
58240	637.95
58250	638.03
58260	638.11
58270	638.24
58280	638.36
58290	638.47
58300	638.64
58310	638.66
58320	638.8
58330	638.99
58340	639.02
58350	639.18
58360	639.25
58370	639.3
58380	639.41
58390	639.51
58400	639.52
58410	639.6
58420	639.68
58430	639.77
58440	639.87
58450	639.96
58460	640.01
58470	640.18
58480	640.12
58490	640.2
58500	640.35
58510	640.49
58520	640.6
58530	640.67
58540	640.67
58550	640.83
58560	640.93
58570	641.02
58580	641.07
58590	641.23
58600	641.32
58610	641.44
58620	641.54
58630	641.68
58640	641.67
58650	641.75
58660	641.8
58670	641.9
58680	642.06
58690	642.12
58700	642.19
58710	642.33
58720	642.42
58730	642.47
58740	642.57
58750	642.59
58760	642.63
58770	642.75
58780	642.81
58790	642.92
58800	643.02
58810	643.23
58820	643.31
58830	643.39
58840	643.36
58850	643.33
58860	643.38
58870	643.48
58880	643.64
58890	643.68
58900	643.77
58910	643.86
58920	643.89
58930	643.96
58940	644.11
58950	644.16
58960	644.25
58970	644.39
58980	644.42
58990	644.56
59000	644.65
59010	644.67
59020	644.76
59030	644.87
59040	644.86
59050	644.97
59060	645.08
59070	645.18
59080	645.22
59090	645.29
59100	645.4
59110	645.55
59120	645.67
59130	645.88
59140	646.01
59150	646.08
59160	646.09
59170	646.2
59180	646.19
59190	646.21
59200	646.35
59210	646.42
59220	646.45
59230	646.51
59240	646.53
59250	646.61
59260	646.69
59270	646.69
59280	646.78
59290	646.83
59300	646.8
59310	646.81
59320	646.96
59330	647.07
59340	647.19
59350	647.24
59360	647.35
59370	647.45
59380	647.47
59390	647.56
59400	647.61
59410	647.63
59420	647.78
59430	647.78
59440	647.8
59450	647.86
59460	647.9
59470	648.0
59480	648.26
59490	648.37
59500	648.58
59510	648.65
59520	648.64
59530	648.8
59540	648.84
59550	648.9
59560	648.99
59570	649.08
59580	649.2
59590	649.25
59600	649.31
59610	649.45
59620	649.55
59630	649.66
59640	649.74
59650	649.77
59660	649.92
59670	650.01
59680	650.17
59690	650.26
59700	650.34
59710	650.38
59720	650.43
59730	650.51
59740	650.57
59750	650.72
59760	650.8
59770	650.93
59780	651.03
59790	651.12
59800	651.18
59810	651.28
59820	651.36
59830	651.34
59840	651.43
59850	651.46
59860	651.53
59870	651.6
59880	651.68
59890	651.71
59900	651.66
59910	651.69
59920	651.71
59930	651.7
59940	651.64
59950	651.74
59960	651.88
59970	652.08
59980	652.2
59990	652.23
60000	652.33
