10	0.48
20	0.78
30	0.93
40	1.18
50	1.66
60	1.99
70	2.19
80	2.66
90	2.96
100	3.32
110	3.76
120	4.21
130	4.51
140	4.88
150	5.21
160	5.39
170	5.78
180	6.26
190	6.66
200	7.03
210	7.38
220	7.68
230	8.2
240	8.45
250	8.8
260	9.27
270	9.57
280	9.96
290	10.33
300	10.66
310	11.22
320	11.57
330	12.0
340	12.45
350	12.85
360	13.27
370	13.84
380	14.23
390	14.83
400	15.41
410	15.63
420	15.79
430	15.79
440	15.88
450	16.06
460	16.55
470	17.03
480	17.27
490	17.69
500	17.98
510	18.43
520	18.72
530	19.07
540	19.55
550	19.77
560	20.31
570	20.79
580	21.19
590	21.44
600	21.82
610	22.06
620	22.27
630	22.59
640	22.78
650	23.08
660	23.29
670	23.68
680	24.1
690	24.4
700	24.85
710	25.3
720	25.5
730	25.99
740	26.62
750	26.96
760	27.58
770	28.0
780	28.47
790	28.86
800	29.44
810	29.83
820	30.16
830	30.59
840	31.17
850	31.57
860	32.22
870	32.85
880	33.16
890	33.57
900	33.81
910	34.45
920	34.85
930	35.28
940	35.44
950	35.56
960	36.0
970	36.43
980	36.63
990	36.87
1000	37.43
1010	37.92
1020	38.31
1030	38.75
1040	39.19
1050	39.8
1060	40.31
1070	40.7
1080	41.02
1090	41.41
1100	41.86
1110	42.23
1120	42.78
1130	43.37
1140	43.93
1150	44.15
1160	44.83
1170	44.86
1180	44.86
1190	44.86
1200	44.86
1210	45.0
1220	45.42
1230	45.7
1240	46.06
1250	46.58
1260	46.93
1270	47.35
1280	47.86
1290	48.37
1300	48.74
1310	49.04
1320	49.61
1330	50.08
1340	50.38
1350	50.82
1360	51.13
1370	51.44
1380	51.9
1390	52.42
1400	52.88
1410	53.4
1420	53.88
1430	54.18
1440	54.58
1450	55.14
1460	55.44
1470	55.89
1480	56.5
1490	56.88
1500	57.27
1510	57.51
1520	58.0
1530	58.36
1540	58.88
1550	59.37
1560	59.77
1570	60.01
1580	60.42
1590	61.13
1600	61.65
1610	62.12
1620	62.39
1630	62.66
1640	63.15
1650	63.72
1660	64.19
1670	64.45
1680	64.96
1690	65.35
1700	65.7
1710	65.98
1720	66.46
1730	67.08
1740	67.44
1750	67.78
1760	68.09
1770	68.42
1780	68.7
1790	68.99
1800	69.57
1810	70.13
1820	70.43
1830	70.76
1840	71.18
1850	71.69
1860	71.91
1870	72.44
1880	72.82
1890	73.28
1900	73.71
1910	74.0
1920	74.44
1930	74.73
1940	74.97
1950	75.39
1960	75.74
1970	76.02
1980	76.34
1990	76.58
2000	76.94
2010	77.38
2020	77.92
2030	78.34
2040	78.63
2050	79.17
2060	79.51
2070	80.08
2080	80.47
2090	81.15
2100	81.49
2110	81.91
2120	82.34
2130	82.82
2140	83.17
2150	83.59
2160	84.03
2170	84.43
2180	84.9
2190	85.33
2200	85.61
2210	86.14
2220	86.53
2230	86.78
2240	87.18
2250	87.55
2260	88.01
2270	88.44
2280	88.79
2290	89.32
2300	89.46
2310	89.88
2320	90.18
2330	90.41
2340	90.74
2350	90.93
2360	91.31
2370	91.63
2380	92.02
2390	92.5
2400	92.79
2410	93.23
2420	93.54
2430	93.97
2440	93.97
2450	93.97
2460	93.97
2470	93.97
2480	93.97
2490	93.97
2500	94.24
2510	94.62
2520	95.09
2530	95.59
2540	95.73
2550	96.22
2560	96.32
2570	96.62
2580	97.0
2590	97.48
2600	97.87
2610	98.23
2620	98.58
2630	99.0
2640	99.38
2650	99.71
2660	100.33
2670	100.77
2680	101.02
2690	101.58
2700	101.83
2710	102.22
2720	102.64
2730	103.24
2740	103.48
2750	103.92
2760	104.29
2770	104.24
2780	104.64
2790	104.87
2800	105.44
2810	105.92
2820	106.44
2830	106.84
2840	107.16
2850	107.58
2860	107.9
2870	108.43
2880	108.67
2890	109.21
2900	109.6
2910	110.12
2920	110.63
2930	111.08
2940	111.68
2950	111.88
2960	112.41
2970	112.71
2980	113.1
2990	113.35
3000	114.1
3010	114.42
3020	114.92
3030	115.38
3040	115.84
3050	116.32
3060	116.62
3070	117.05
3080	117.39
3090	117.75
3100	118.15
3110	118.59
3120	118.99
3130	119.45
3140	119.79
3150	120.16
3160	120.59
3170	121.01
3180	121.36
3190	121.8
3200	122.25
3210	122.61
3220	122.87
3230	123.48
3240	123.71
3250	124.06
3260	124.36
3270	124.48
3280	124.93
3290	125.29
3300	125.64
3310	125.93
3320	126.31
3330	126.5
3340	126.87
3350	127.37
3360	127.73
3370	127.97
3380	128.21
3390	128.47
3400	128.94
3410	129.37
3420	129.83
3430	130.08
3440	130.35
3450	130.82
3460	131.2
3470	131.57
3480	132.06
3490	132.56
3500	133.16
3510	133.65
3520	134.09
3530	134.52
3540	134.72
3550	134.98
3560	135.44
3570	135.93
3580	136.02
3590	136.3
3600	136.61
3610	136.94
3620	137.22
3630	137.74
3640	138.32
3650	138.75
3660	139.3
3670	139.68
3680	139.8
3690	140.23
3700	140.74
3710	141.0
3720	141.27
3730	141.59
3740	142.03
3750	142.53
3760	143.03
3770	143.2
3780	143.45
3790	143.91
3800	144.33
3810	144.79
3820	144.97
3830	145.38
3840	145.72
3850	146.08
3860	146.44
3870	146.78
3880	147.08
3890	147.35
3900	147.79
3910	148.09
3920	148.68
3930	149.25
3940	149.56
3950	149.9
3960	150.08
3970	150.4
3980	150.92
3990	151.4
4000	151.88
4010	152.18
4020	152.73
4030	153.08
4040	153.47
4050	153.64
4060	154.13
4070	154.57
4080	154.87
4090	155.18
4100	155.68
4110	156.06
4120	156.29
4130	156.81
4140	157.06
4150	157.59
4160	158.05
4170	158.26
4180	158.65
4190	158.96
4200	159.29
4210	159.63
4220	160.17
4230	160.57
4240	160.86
4250	161.56
4260	161.89
4270	162.48
4280	162.94
4290	163.44
4300	163.83
4310	164.39
4320	164.74
4330	165.21
4340	165.74
4350	166.09
4360	166.5
4370	166.91
4380	167.44
4390	167.61
4400	167.99
4410	168.53
4420	168.76
4430	169.02
4440	169.57
4450	169.97
4460	170.37
4470	170.71
4480	171.2
4490	171.41
4500	171.83
4510	172.12
4520	172.82
4530	173.21
4540	173.66
4550	173.66
4560	173.66
4570	173.66
4580	173.66
4590	173.66
4600	173.66
4610	173.66
4620	173.66
4630	173.66
4640	173.66
4650	173.66
4660	174.1
4670	174.49
4680	174.71
4690	175.14
4700	175.29
4710	175.67
4720	176.34
4730	176.61
4740	176.98
4750	177.45
4760	178.01
4770	178.15
4780	178.37
4790	178.5
4800	178.71
4810	179.01
4820	179.17
4830	179.52
4840	179.65
4850	179.77
4860	180.09
4870	180.22
4880	180.51
4890	180.78
4900	180.91
4910	181.25
4920	181.34
4930	181.58
4940	181.76
4950	182.03
4960	182.12
4970	182.33
4980	182.51
4990	182.87
5000	183.14
5010	183.27
5020	183.49
5030	183.62
5040	183.87
5050	184.07
5060	184.22
5070	184.34
5080	184.74
5090	184.81
5100	184.98
5110	185.14
5120	185.42
5130	185.59
5140	185.73
5150	185.93
5160	186.27
5170	186.42
5180	186.45
5190	186.54
5200	186.78
5210	186.97
5220	187.21
5230	187.32
5240	187.56
5250	187.79
5260	188.07
5270	188.33
5280	188.48
5290	188.72
5300	188.79
5310	188.96
5320	189.31
5330	189.42
5340	189.68
5350	189.9
5360	190.03
5370	190.32
5380	190.38
5390	190.72
5400	191.02
5410	191.27
5420	191.46
5430	191.7
5440	191.84
5450	192.08
5460	192.43
5470	192.67
5480	192.83
5490	193.0
5500	193.27
5510	193.62
5520	193.73
5530	193.75
5540	193.94
5550	194.21
5560	194.32
5570	194.37
5580	194.61
5590	194.79
5600	194.96
5610	195.16
5620	195.36
5630	195.65
5640	195.98
5650	196.2
5660	196.39
5670	196.59
5680	196.73
5690	196.98
5700	197.32
5710	197.42
5720	197.55
5730	197.8
5740	198.03
5750	198.22
5760	198.36
5770	198.57
5780	198.74
5790	199.0
5800	199.2
5810	199.42
5820	199.49
5830	199.51
5840	199.47
5850	199.53
5860	199.58
5870	199.7
5880	199.79
5890	199.97
5900	200.21
5910	200.41
5920	200.58
5930	200.76
5940	200.99
5950	201.13
5960	201.26
5970	201.27
5980	201.37
5990	201.64
6000	201.94
6010	202.12
6020	202.35
6030	202.53
6040	202.62
6050	202.7
6060	202.97
6070	203.13
6080	203.44
6090	203.71
6100	203.91
6110	204.05
6120	204.22
6130	204.53
6140	204.87
6150	205.02
6160	205.15
6170	205.36
6180	205.48
6190	205.65
6200	205.86
6210	206.0
6220	206.1
6230	206.32
6240	206.44
6250	206.53
6260	206.77
6270	206.86
6280	207.01
6290	207.19
6300	207.39
6310	207.63
6320	207.69
6330	207.93
6340	207.99
6350	208.12
6360	208.31
6370	208.34
6380	208.62
6390	208.8
6400	209.11
6410	209.3
6420	209.3
6430	209.46
6440	209.68
6450	209.67
6460	209.79
6470	209.71
6480	209.69
6490	209.84
6500	209.95
6510	210.06
6520	210.32
6530	210.51
6540	210.62
6550	210.72
6560	210.88
6570	210.94
6580	211.09
6590	211.14
6600	211.21
6610	211.27
6620	211.38
6630	211.38
6640	211.53
6650	211.61
6660	211.73
6670	211.79
6680	211.85
6690	211.91
6700	212.05
6710	212.11
6720	212.17
6730	212.31
6740	212.3
6750	212.49
6760	212.58
6770	212.69
6780	212.78
6790	212.97
6800	213.09
6810	213.23
6820	213.41
6830	213.53
6840	213.71
6850	213.77
6860	213.94
6870	213.97
6880	214.17
6890	214.25
6900	214.32
6910	214.48
6920	214.65
6930	214.68
6940	214.71
6950	214.73
6960	214.75
6970	214.82
6980	214.94
6990	215.06
7000	215.17
7010	215.2
7020	215.35
7030	215.43
7040	215.53
7050	215.72
7060	215.92
7070	216.01
7080	216.07
7090	216.17
7100	216.29
7110	216.45
7120	216.42
7130	216.61
7140	216.79
7150	216.97
7160	217.18
7170	217.22
7180	217.2
7190	217.31
7200	217.42
7210	217.44
7220	217.47
7230	217.59
7240	217.72
7250	217.87
7260	217.95
7270	218.11
7280	218.18
7290	218.24
7300	218.3
7310	218.44
7320	218.5
7330	218.6
7340	218.73
7350	218.9
7360	218.96
7370	219.03
7380	219.01
7390	219.08
7400	219.17
7410	219.38
7420	219.5
7430	219.55
7440	219.69
7450	219.82
7460	219.89
7470	219.92
7480	220.0
7490	220.19
7500	220.34
7510	220.37
7520	220.54
7530	220.55
7540	220.67
7550	220.71
7560	220.89
7570	221.02
7580	221.13
7590	221.3
7600	221.4
7610	221.47
7620	221.68
7630	221.72
7640	221.83
7650	221.96
7660	222.08
7670	222.3
7680	222.52
7690	222.57
7700	222.7
7710	222.86
7720	223.01
7730	223.16
7740	223.29
7750	223.39
7760	223.6
7770	223.66
7780	223.74
7790	223.83
7800	223.88
7810	224.16
7820	224.3
7830	224.41
7840	224.48
7850	224.58
7860	224.69
7870	224.79
7880	224.93
7890	225.07
7900	225.2
7910	225.24
7920	225.33
7930	225.31
7940	225.44
7950	225.51
7960	225.51
7970	225.61
7980	225.67
7990	225.82
8000	225.91
8010	226.18
8020	226.26
8030	226.31
8040	226.32
8050	226.32
8060	226.42
8070	226.49
8080	226.61
8090	226.77
8100	226.98
8110	227.0
8120	227.07
8130	227.14
8140	227.13
8150	227.18
8160	227.36
8170	227.43
8180	227.59
8190	227.6
8200	227.71
8210	227.84
8220	227.97
8230	228.0
8240	228.14
8250	228.25
8260	228.34
8270	228.34
8280	228.48
8290	228.56
8300	228.68
8310	228.83
8320	228.92
8330	228.9
8340	229.02
8350	229.03
8360	229.16
8370	229.27
8380	229.39
8390	229.52
8400	229.61
8410	229.68
8420	229.7
8430	229.74
8440	229.81
8450	229.7
8460	229.79
8470	229.95
8480	230.08
8490	230.1
8500	230.15
8510	230.21
8520	230.25
8530	230.32
8540	230.41
8550	230.55
8560	230.61
8570	230.63
8580	230.62
8590	230.62
8600	230.64
8610	230.75
8620	230.79
8630	230.9
8640	230.92
8650	230.89
8660	230.9
8670	230.93
8680	231.03
8690	231.11
8700	231.22
8710	231.28
8720	231.38
8730	231.49
8740	231.57
8750	231.57
8760	231.65
8770	231.72
8780	231.81
8790	231.95
8800	232.05
8810	232.06
8820	232.21
8830	232.31
8840	232.38
8850	232.54
8860	232.56
8870	232.74
8880	232.79
8890	232.78
8900	232.79
8910	232.83
8920	232.91
8930	232.92
8940	233.1
8950	233.18
8960	233.29
8970	233.33
8980	233.39
8990	233.43
9000	233.5
9010	233.5
9020	233.64
9030	233.73
9040	233.75
9050	233.77
9060	233.82
9070	233.98
9080	234.03
9090	234.11
9100	234.21
9110	234.24
9120	234.32
9130	234.46
9140	234.48
9150	234.61
9160	234.61
9170	234.76
9180	234.84
9190	234.97
9200	235.03
9210	235.2
9220	235.27
9230	235.33
9240	235.32
9250	235.39
9260	235.45
9270	235.53
9280	235.52
9290	235.55
9300	235.62
9310	235.72
9320	235.81
9330	235.82
9340	235.87
9350	235.92
9360	235.95
9370	236.08
9380	236.14
9390	236.25
9400	236.35
9410	236.37
9420	236.49
9430	236.53
9440	236.71
9450	236.81
9460	236.89
9470	237.04
9480	237.12
9490	237.09
9500	237.17
9510	237.22
9520	237.3
9530	237.44
9540	237.53
9550	237.61
9560	237.69
9570	237.79
9580	237.84
9590	238.0
9600	238.08
9610	238.16
9620	238.16
9630	238.23
9640	238.29
9650	238.37
9660	238.4
9670	238.5
9680	238.56
9690	238.71
9700	238.73
9710	238.84
9720	238.97
9730	239.04
9740	239.1
9750	239.19
9760	239.19
9770	239.16
9780	239.23
9790	239.2
9800	239.3
9810	239.37
9820	239.39
9830	239.43
9840	239.41
9850	239.51
9860	239.65
9870	239.75
9880	239.84
9890	239.98
9900	240.01
9910	240.12
9920	240.13
9930	240.15
9940	240.19
9950	240.23
9960	240.3
9970	240.32
9980	240.27
9990	240.3
10000	240.32
10010	240.43
10020	240.52
10030	240.59
10040	240.68
10050	240.83
10060	240.93
10070	241.04
10080	241.15
10090	241.26
10100	241.37
10110	241.43
10120	241.46
10130	241.44
10140	241.48
10150	241.52
10160	241.61
10170	241.8
10180	241.96
10190	242.09
10200	242.22
10210	242.34
10220	242.37
10230	242.46
10240	242.51
10250	242.58
10260	242.65
10270	242.65
10280	242.71
10290	242.81
10300	242.97
10310	243.05
10320	243.14
10330	243.12
10340	243.22
10350	243.23
10360	243.29
10370	243.41
10380	243.38
10390	243.37
10400	243.55
10410	243.67
10420	243.73
10430	243.76
10440	243.84
10450	243.81
10460	243.93
10470	244.02
10480	244.0
10490	244.1
10500	244.18
10510	244.2
10520	244.28
10530	244.44
10540	244.58
10550	244.6
10560	244.67
10570	244.68
10580	244.74
10590	244.82
10600	244.95
10610	244.96
10620	245.0
10630	245.03
10640	245.06
10650	245.06
10660	245.02
10670	245.09
10680	245.23
10690	245.31
10700	245.34
10710	245.35
10720	245.44
10730	245.63
10740	245.64
10750	245.71
10760	245.78
10770	245.86
10780	245.86
10790	245.93
10800	245.95
10810	245.99
10820	246.13
10830	246.19
10840	246.28
10850	246.24
10860	246.35
10870	246.45
10880	246.54
10890	246.63
10900	246.73
10910	246.87
10920	246.85
10930	246.98
10940	247.08
10950	247.2
10960	247.22
10970	247.35
10980	247.41
10990	247.39
11000	247.49
11010	247.5
11020	247.54
11030	247.65
11040	247.63
11050	247.71
11060	247.71
11070	247.78
11080	247.87
11090	247.92
11100	247.95
11110	248.02
11120	248.11
11130	248.15
11140	248.17
11150	248.31
11160	248.39
11170	248.44
11180	248.55
11190	248.58
11200	248.64
11210	248.77
11220	248.82
11230	248.87
11240	248.97
11250	249.04
11260	249.1
11270	249.19
11280	249.23
11290	249.33
11300	249.3
11310	249.32
11320	249.32
11330	249.41
11340	249.46
11350	249.6
11360	249.66
11370	249.66
11380	249.67
11390	249.76
11400	249.85
11410	249.91
11420	249.95
11430	250.02
11440	250.12
11450	250.16
11460	250.28
11470	250.33
11480	250.37
11490	250.44
11500	250.47
11510	250.56
11520	250.65
11530	250.71
11540	250.73
11550	250.76
11560	250.73
11570	250.84
11580	250.97
11590	251.0
11600	251.06
11610	251.16
11620	251.18
11630	251.13
11640	251.27
11650	251.28
11660	251.45
11670	251.44
11680	251.54
11690	251.55
11700	251.58
11710	251.58
11720	251.66
11730	251.73
11740	251.76
11750	251.85
11760	251.89
11770	251.98
11780	252.0
11790	252.01
11800	252.02
11810	252.1
11820	252.13
11830	252.14
11840	252.2
11850	252.26
11860	252.23
11870	252.37
11880	252.45
11890	252.41
11900	252.44
11910	252.47
11920	252.41
11930	252.45
11940	252.51
11950	252.59
11960	252.67
11970	252.74
11980	252.79
11990	252.91
12000	252.93
12010	252.96
12020	253.0
12030	253.17
12040	253.26
12050	253.34
12060	253.42
12070	253.47
12080	253.52
12090	253.66
12100	253.76
12110	253.84
12120	254.0
12130	254.05
12140	254.16
12150	254.26
12160	254.4
12170	254.41
12180	254.56
12190	254.61
12200	254.6
12210	254.64
12220	254.74
12230	254.81
12240	254.88
12250	254.91
12260	254.98
12270	255.02
12280	255.1
12290	255.17
12300	255.25
12310	255.37
12320	255.41
12330	255.34
12340	255.38
12350	255.45
12360	255.49
12370	255.5
12380	255.58
12390	255.7
12400	255.74
12410	255.82
12420	255.89
12430	255.91
12440	255.96
12450	256.0
12460	256.1
12470	256.11
12480	256.15
12490	256.18
12500	256.33
12510	256.46
12520	256.39
12530	256.47
12540	256.54
12550	256.62
12560	256.75
12570	256.75
12580	256.8
12590	256.76
12600	256.79
12610	256.82
12620	256.89
12630	256.94
12640	256.98
12650	257.01
12660	257.11
12670	257.05
12680	257.21
12690	257.2
12700	257.25
12710	257.31
12720	257.39
12730	257.48
12740	257.51
12750	257.49
12760	257.58
12770	257.71
12780	257.86
12790	257.92
12800	257.91
12810	258.01
12820	258.19
12830	258.22
12840	258.26
12850	258.34
12860	258.33
12870	258.38
12880	258.47
12890	258.59
12900	258.6
12910	258.68
12920	258.61
12930	258.72
12940	258.8
12950	258.91
12960	258.95
12970	259.09
12980	259.11
12990	259.2
13000	259.23
13010	259.33
13020	259.45
13030	259.5
13040	259.45
13050	259.54
13060	259.5
13070	259.53
13080	259.54
13090	259.56
13100	259.61
13110	259.62
13120	259.57
13130	259.6
13140	259.67
13150	259.76
13160	259.82
13170	259.81
13180	259.87
13190	260.01
13200	260.13
13210	260.2
13220	260.26
13230	260.34
13240	260.41
13250	260.47
13260	260.52
13270	260.55
13280	260.59
13290	260.7
13300	260.77
13310	260.9
13320	260.91
13330	261.01
13340	261.07
13350	261.15
13360	261.25
13370	261.22
13380	261.34
13390	261.42
13400	261.44
13410	261.49
13420	261.51
13430	261.52
13440	261.58
13450	261.54
13460	261.62
13470	261.69
13480	261.75
13490	261.82
13500	261.82
13510	261.83
13520	261.82
13530	261.89
13540	261.98
13550	261.96
13560	262.05
13570	262.12
13580	262.15
13590	262.26
13600	262.27
13610	262.41
13620	262.48
13630	262.59
13640	262.68
13650	262.75
13660	262.83
13670	262.91
13680	262.94
13690	262.93
13700	262.94
13710	263.06
13720	263.14
13730	263.25
13740	263.24
13750	263.26
13760	263.31
13770	263.39
13780	263.35
13790	263.4
13800	263.4
13810	263.41
13820	263.53
13830	263.57
13840	263.66
13850	263.77
13860	263.78
13870	263.84
13880	263.89
13890	263.95
13900	264.05
13910	264.09
13920	264.14
13930	264.24
13940	264.24
13950	264.31
13960	264.37
13970	264.41
13980	264.55
13990	264.55
14000	264.68
14010	264.77
14020	264.87
14030	264.94
14040	264.95
14050	265.0
14060	265.04
14070	265.09
14080	265.15
14090	265.24
14100	265.27
14110	265.36
14120	265.49
14130	265.59
14140	265.66
14150	265.79
14160	265.81
14170	265.9
14180	265.93
14190	265.94
14200	266.07
14210	266.19
14220	266.25
14230	266.32
14240	266.32
14250	266.41
14260	266.42
14270	266.44
14280	266.54
14290	266.65
14300	266.72
14310	266.8
14320	266.87
14330	266.9
14340	266.99
14350	267.02
14360	267.02
14370	267.1
14380	267.1
14390	267.13
14400	267.16
14410	267.15
14420	267.2
14430	267.19
14440	267.26
14450	267.31
14460	267.45
14470	267.6
14480	267.61
14490	267.67
14500	267.67
14510	267.75
14520	267.87
14530	267.97
14540	267.97
14550	268.08
14560	268.2
14570	268.2
14580	268.32
14590	268.4
14600	268.45
14610	268.51
14620	268.6
14630	268.73
14640	268.8
14650	268.81
14660	268.93
14670	268.98
14680	269.07
14690	269.11
14700	269.14
14710	269.23
14720	269.21
14730	269.28
14740	269.4
14750	269.49
14760	269.53
14770	269.62
14780	269.65
14790	269.67
14800	269.7
14810	269.73
14820	269.74
14830	269.77
14840	269.82
14850	269.88
14860	269.97
14870	270.07
14880	270.13
14890	270.16
14900	270.2
14910	270.2
14920	270.27
14930	270.29
14940	270.35
14950	270.41
14960	270.41
14970	270.44
14980	270.46
14990	270.59
15000	270.67
15010	270.68
15020	270.73
15030	270.8
15040	270.88
15050	270.93
15060	271.0
15070	271.06
15080	271.05
15090	271.21
15100	271.26
15110	271.36
15120	271.46
15130	271.44
15140	271.55
15150	271.61
15160	271.67
15170	271.75
15180	271.82
15190	271.86
15200	271.95
15210	271.91
15220	271.92
15230	272.01
15240	272.06
15250	272.24
15260	272.42
15270	272.47
15280	272.59
15290	272.76
15300	272.78
15310	272.82
15320	272.86
15330	272.96
15340	273.01
15350	273.11
15360	273.14
15370	273.17
15380	273.23
15390	273.27
15400	273.38
15410	273.49
15420	273.55
15430	273.66
15440	273.72
15450	273.74
15460	273.72
15470	273.78
15480	273.92
15490	273.94
15500	273.97
15510	274.02
15520	274.06
15530	274.12
15540	274.16
15550	274.26
15560	274.43
15570	274.55
15580	274.67
15590	274.58
15600	274.65
15610	274.69
15620	274.73
15630	274.73
15640	274.79
15650	274.91
15660	274.94
15670	275.03
15680	275.08
15690	275.08
15700	275.17
15710	275.29
15720	275.4
15730	275.42
15740	275.44
15750	275.46
15760	275.46
15770	275.49
15780	275.58
15790	275.64
15800	275.79
15810	275.9
15820	275.88
15830	275.93
15840	276.02
15850	276.09
15860	276.24
15870	276.24
15880	276.27
15890	276.28
15900	276.29
15910	276.28
15920	276.4
15930	276.42
15940	276.43
15950	276.51
15960	276.55
15970	276.61
15980	276.64
15990	276.74
16000	276.83
16010	276.88
16020	276.89
16030	277.06
16040	277.15
16050	277.21
16060	277.23
16070	277.28
16080	277.23
16090	277.25
16100	277.24
16110	277.23
16120	277.33
16130	277.39
16140	277.45
16150	277.45
16160	277.47
16170	277.51
16180	277.61
16190	277.65
16200	277.73
16210	277.79
16220	277.78
16230	277.87
16240	277.94
16250	277.98
16260	278.04
16270	278.06
16280	278.04
16290	278.08
16300	278.18
16310	278.26
16320	278.39
16330	278.39
16340	278.55
16350	278.56
16360	278.72
16370	278.8
16380	278.91
16390	279.06
16400	279.1
16410	279.2
16420	279.13
16430	279.19
16440	279.34
16450	279.42
16460	279.51
16470	279.52
16480	279.56
16490	279.65
16500	279.61
16510	279.58
16520	279.63
16530	279.65
16540	279.7
16550	279.75
16560	279.82
16570	279.97
16580	280.09
16590	280.14
16600	280.21
16610	280.32
16620	280.42
16630	280.41
16640	280.5
16650	280.51
16660	280.58
16670	280.64
16680	280.67
16690	280.78
16700	280.86
16710	280.92
16720	280.94
16730	281.06
16740	281.1
16750	281.15
16760	281.28
16770	281.28
16780	281.33
16790	281.36
16800	281.4
16810	281.43
16820	281.51
16830	281.54
16840	281.62
16850	281.66
16860	281.7
16870	281.73
16880	281.83
16890	281.88
16900	281.93
16910	282.08
16920	282.19
16930	282.27
16940	282.34
16950	282.35
16960	282.48
16970	282.47
16980	282.46
16990	282.57
17000	282.59
17010	282.69
17020	282.79
17030	282.86
17040	282.94
17050	283.0
17060	283.08
17070	283.17
17080	283.2
17090	283.28
17100	283.4
17110	283.47
17120	283.57
17130	283.67
17140	283.74
17150	283.79
17160	283.88
17170	283.96
17180	284.1
17190	284.15
17200	284.22
17210	284.29
17220	284.34
17230	284.41
17240	284.41
17250	284.57
17260	284.65
17270	284.77
17280	284.73
17290	284.85
17300	284.92
17310	284.98
17320	284.98
17330	285.0
17340	285.05
17350	285.04
17360	285.01
17370	285.07
17380	285.17
17390	285.23
17400	285.22
17410	285.23
17420	285.31
17430	285.39
17440	285.36
17450	285.46
17460	285.54
17470	285.65
17480	285.72
17490	285.72
17500	285.78
17510	285.86
17520	285.91
17530	285.98
17540	286.08
17550	286.16
17560	286.24
17570	286.27
17580	286.34
17590	286.41
17600	286.45
17610	286.44
17620	286.47
17630	286.49
17640	286.66
17650	286.69
17660	286.76
17670	286.76
17680	286.89
17690	286.91
17700	286.96
17710	287.07
17720	287.09
17730	287.16
17740	287.23
17750	287.35
17760	287.42
17770	287.55
17780	287.63
17790	287.66
17800	287.72
17810	287.75
17820	287.9
17830	287.93
17840	287.95
17850	288.01
17860	288.12
17870	288.16
17880	288.24
17890	288.27
17900	288.38
17910	288.4
17920	288.54
17930	288.57
17940	288.63
17950	288.71
17960	288.82
17970	288.83
17980	288.84
17990	288.9
18000	289.01
18010	289.05
18020	289.13
18030	289.2
18040	289.27
18050	289.32
18060	289.49
18070	289.58
18080	289.68
18090	289.8
18100	289.9
18110	289.99
18120	290.07
18130	290.04
18140	289.98
18150	290.07
18160	290.17
18170	290.28
18180	290.29
18190	290.29
18200	290.34
18210	290.44
18220	290.53
18230	290.63
18240	290.7
18250	290.7
18260	290.77
18270	290.79
18280	290.82
18290	290.9
18300	291.07
18310	291.05
18320	291.07
18330	291.17
18340	291.31
18350	291.38
18360	291.43
18370	291.53
18380	291.52
18390	291.54
18400	291.55
18410	291.55
18420	291.66
18430	291.71
18440	291.79
18450	291.87
18460	291.9
18470	291.98
18480	292.03
18490	292.11
18500	292.21
18510	292.19
18520	292.35
18530	292.37
18540	292.41
18550	292.56
18560	292.55
18570	292.64
18580	292.76
18590	292.87
18600	292.95
18610	293.0
18620	293.06
18630	293.16
18640	293.25
18650	293.28
18660	293.36
18670	293.47
18680	293.56
18690	293.57
18700	293.59
18710	293.7
18720	293.76
18730	293.83
18740	293.87
18750	293.9
18760	294.0
18770	294.03
18780	294.01
18790	294.0
18800	294.13
18810	294.11
18820	294.25
18830	294.35
18840	294.45
18850	294.55
18860	294.65
18870	294.63
18880	294.75
18890	294.8
18900	294.85
18910	294.94
18920	295.04
18930	295.1
18940	295.15
18950	295.13
18960	295.19
18970	295.25
18980	295.24
18990	295.3
19000	295.46
19010	295.59
19020	295.64
19030	295.73
19040	295.76
19050	295.8
19060	295.82
19070	295.88
19080	295.94
19090	296.02
19100	296.05
19110	296.09
19120	296.16
19130	296.28
19140	296.29
19150	296.39
19160	296.46
19170	296.46
19180	296.47
19190	296.52
19200	296.6
19210	296.58
19220	296.68
19230	296.79
19240	296.78
19250	296.87
19260	296.96
19270	297.02
19280	297.03
19290	297.04
19300	297.08
19310	297.12
19320	297.22
19330	297.29
19340	297.35
19350	297.38
19360	297.43
19370	297.49
19380	297.6
19390	297.62
19400	297.67
19410	297.79
19420	297.85
19430	297.89
19440	297.93
19450	297.99
19460	298.07
19470	298.1
19480	298.25
19490	298.29
19500	298.41
19510	298.46
19520	298.56
19530	298.59
19540	298.65
19550	298.78
19560	298.87
19570	299.04
19580	299.17
19590	299.26
19600	299.31
19610	299.4
19620	299.52
19630	299.51
19640	299.58
19650	299.61
19660	299.73
19670	299.79
19680	299.9
19690	300.04
19700	300.11
19710	300.14
19720	300.16
19730	300.24
19740	300.37
19750	300.43
19760	300.53
19770	300.55
19780	300.6
19790	300.64
19800	300.67
19810	300.82
19820	300.82
19830	300.84
19840	300.94
19850	301.01
19860	301.03
19870	301.13
19880	301.18
19890	301.2
19900	301.3
19910	301.34
19920	301.44
19930	301.52
19940	301.54
19950	301.59
19960	301.64
19970	301.69
19980	301.73
19990	301.79
20000	301.86
20010	301.96
20020	302.1
20030	302.14
20040	302.24
20050	302.27
20060	302.25
20070	302.31
20080	302.25
20090	302.27
20100	302.31
20110	302.3
20120	302.32
20130	302.36
20140	302.42
20150	302.53
20160	302.54
20170	302.66
20180	302.75
20190	302.84
20200	302.91
20210	302.94
20220	302.97
20230	302.95
20240	303.05
20250	303.06
20260	303.06
20270	303.14
20280	303.18
20290	303.17
20300	303.21
20310	303.29
20320	303.36
20330	303.48
20340	303.5
20350	303.6
20360	303.6
20370	303.68
20380	303.81
20390	303.86
20400	303.97
20410	304.08
20420	304.18
20430	304.23
20440	304.29
20450	304.34
20460	304.55
20470	304.66
20480	304.71
20490	304.78
20500	304.83
20510	304.91
20520	304.99
20530	304.99
20540	304.97
20550	304.96
20560	305.01
20570	304.98
20580	304.99
20590	305.06
20600	305.12
20610	305.14
20620	305.15
20630	305.24
20640	305.25
20650	305.41
20660	305.45
20670	305.52
20680	305.54
20690	305.64
20700	305.68
20710	305.81
20720	305.9
20730	305.98
20740	306.01
20750	306.12
20760	306.16
20770	306.31
20780	306.37
20790	306.34
20800	306.4
20810	306.42
20820	306.53
20830	306.6
20840	306.65
20850	306.68
20860	306.61
20870	306.64
20880	306.72
20890	306.77
20900	306.89
20910	306.93
20920	307.08
20930	307.03
20940	307.11
20950	307.13
20960	307.22
20970	307.3
20980	307.33
20990	307.29
21000	307.33
21010	307.34
21020	307.39
21030	307.42
21040	307.52
21050	307.56
21060	307.68
21070	307.78
21080	307.86
21090	307.93
21100	307.91
21110	308.06
21120	308.06
21130	308.12
21140	308.16
21150	308.27
21160	308.34
21170	308.51
21180	308.56
21190	308.61
21200	308.76
21210	308.85
21220	308.96
21230	309.07
21240	309.04
21250	309.02
21260	309.09
21270	309.16
21280	309.25
21290	309.4
21300	309.44
21310	309.44
21320	309.53
21330	309.59
21340	309.64
21350	309.81
21360	309.98
21370	310.06
21380	310.04
21390	310.03
21400	310.06
21410	310.13
21420	310.17
21430	310.27
21440	310.43
21450	310.56
21460	310.61
21470	310.68
21480	310.67
21490	310.72
21500	310.78
21510	310.84
21520	310.8
21530	310.93
21540	310.98
21550	311.04
21560	311.08
21570	311.12
21580	311.16
21590	311.24
21600	311.32
21610	311.31
21620	311.4
21630	311.48
21640	311.56
21650	311.66
21660	311.74
21670	311.75
21680	311.8
21690	311.84
21700	311.95
21710	312.05
21720	312.06
21730	312.1
21740	312.13
21750	312.18
21760	312.29
21770	312.34
21780	312.35
21790	312.39
21800	312.53
21810	312.52
21820	312.61
21830	312.73
21840	312.8
21850	312.89
21860	312.97
21870	312.99
21880	313.0
21890	313.04
21900	313.15
21910	313.25
21920	313.36
21930	313.42
21940	313.48
21950	313.58
21960	313.64
21970	313.67
21980	313.69
21990	313.72
22000	313.8
22010	313.84
22020	313.94
22030	314.09
22040	314.14
22050	314.21
22060	314.27
22070	314.32
22080	314.37
22090	314.39
22100	314.48
22110	314.6
22120	314.61
22130	314.63
22140	314.7
22150	314.75
22160	314.72
22170	314.89
22180	314.96
22190	315.08
22200	315.12
22210	315.13
22220	315.27
22230	315.42
22240	315.45
22250	315.51
22260	315.56
22270	315.58
22280	315.64
22290	315.71
22300	315.83
22310	315.92
22320	316.09
22330	316.16
22340	316.3
22350	316.42
22360	316.55
22370	316.62
22380	316.68
22390	316.72
22400	316.77
22410	316.9
22420	317.15
22430	317.27
22440	317.29
22450	317.35
22460	317.41
22470	317.46
22480	317.38
22490	317.53
22500	317.51
22510	317.59
22520	317.62
22530	317.64
22540	317.71
22550	317.78
22560	317.83
22570	317.92
22580	318.03
22590	318.12
22600	318.23
22610	318.34
22620	318.35
22630	318.49
22640	318.56
22650	318.61
22660	318.69
22670	318.72
22680	318.81
22690	318.85
22700	318.93
22710	319.02
22720	319.15
22730	319.22
22740	319.32
22750	319.46
22760	319.47
22770	319.5
22780	319.49
22790	319.57
22800	319.71
22810	319.78
22820	319.85
22830	319.91
22840	320.07
22850	320.01
22860	320.04
22870	320.12
22880	320.21
22890	320.25
22900	320.26
22910	320.3
22920	320.36
22930	320.41
22940	320.51
22950	320.59
22960	320.65
22970	320.75
22980	320.74
22990	320.77
23000	320.81
23010	320.9
23020	321.08
23030	321.14
23040	321.21
23050	321.3
23060	321.4
23070	321.43
23080	321.46
23090	321.52
23100	321.55
23110	321.63
23120	321.68
23130	321.74
23140	321.73
23150	321.82
23160	321.88
23170	321.92
23180	321.93
23190	321.96
23200	322.04
23210	322.05
23220	322.15
23230	322.25
23240	322.32
23250	322.4
23260	322.52
23270	322.48
23280	322.52
23290	322.54
23300	322.56
23310	322.65
23320	322.72
23330	322.78
23340	322.82
23350	322.9
23360	322.92
23370	322.97
23380	323.01
23390	323.09
23400	323.11
23410	323.23
23420	323.38
23430	323.51
23440	323.58
23450	323.64
23460	323.77
23470	323.78
23480	323.84
23490	324.01
23500	324.03
23510	324.06
23520	324.08
23530	324.11
23540	324.08
23550	324.14
23560	324.21
23570	324.2
23580	324.25
23590	324.35
23600	324.43
23610	324.53
23620	324.59
23630	324.66
23640	324.72
23650	324.9
23660	324.93
23670	324.94
23680	325.02
23690	325.07
23700	325.12
23710	325.28
23720	325.4
23730	325.5
23740	325.61
23750	325.62
23760	325.56
23770	325.66
23780	325.7
23790	325.79
23800	325.85
23810	325.92
23820	325.95
23830	325.96
23840	325.95
23850	325.98
23860	326.06
23870	326.18
23880	326.28
23890	326.32
23900	326.39
23910	326.45
23920	326.5
23930	326.6
23940	326.73
23950	326.76
23960	326.84
23970	326.95
23980	327.02
23990	327.01
24000	327.07
24010	327.1
24020	327.18
24030	327.33
24040	327.42
24050	327.54
24060	327.58
24070	327.67
24080	327.75
24090	327.85
24100	327.93
24110	328.03
24120	328.05
24130	328.02
24140	328.16
24150	328.25
24160	328.32
24170	328.36
24180	328.46
24190	328.46
24200	328.51
24210	328.58
24220	328.65
24230	328.72
24240	328.81
24250	328.84
24260	329.02
24270	329.12
24280	329.28
24290	329.21
24300	329.28
24310	329.32
24320	329.43
24330	329.55
24340	329.56
24350	329.5
24360	329.57
24370	329.6
24380	329.71
24390	329.75
24400	329.82
24410	329.97
24420	330.01
24430	330.04
24440	330.16
24450	330.17
24460	330.22
24470	330.28
24480	330.28
24490	330.32
24500	330.45
24510	330.49
24520	330.52
24530	330.54
24540	330.62
24550	330.74
24560	330.75
24570	330.82
24580	330.85
24590	330.98
24600	331.0
24610	331.04
24620	331.09
24630	331.11
24640	331.15
24650	331.13
24660	331.1
24670	331.19
24680	331.26
24690	331.35
24700	331.39
24710	331.46
24720	331.43
24730	331.49
24740	331.56
24750	331.57
24760	331.56
24770	331.57
24780	331.68
24790	331.78
24800	331.83
24810	331.86
24820	331.94
24830	331.99
24840	332.06
24850	332.02
24860	332.08
24870	332.13
24880	332.09
24890	332.09
24900	332.16
24910	332.21
24920	332.41
24930	332.51
24940	332.51
24950	332.5
24960	332.59
24970	332.7
24980	332.66
24990	332.7
25000	332.78
25010	332.86
25020	332.88
25030	332.98
25040	332.94
25050	332.99
25060	332.98
25070	333.09
25080	333.14
25090	333.16
25100	333.19
25110	333.27
25120	333.33
25130	333.32
25140	333.35
25150	333.41
25160	333.49
25170	333.57
25180	333.6
25190	333.6
25200	333.56
25210	333.62
25220	333.66
25230	333.65
25240	333.72
25250	333.75
25260	333.84
25270	333.96
25280	334.01
25290	334.06
25300	334.1
25310	334.16
25320	334.2
25330	334.26
25340	334.32
25350	334.36
25360	334.47
25370	334.62
25380	334.61
25390	334.6
25400	334.61
25410	334.73
25420	334.83
25430	334.84
25440	334.92
25450	335.01
25460	335.12
25470	335.22
25480	335.34
25490	335.42
25500	335.45
25510	335.53
25520	335.59
25530	335.63
25540	335.73
25550	335.81
25560	335.84
25570	335.87
25580	335.88
25590	336.03
25600	336.11
25610	336.15
25620	336.28
25630	336.34
25640	336.39
25650	336.38
25660	336.48
25670	336.61
25680	336.65
25690	336.72
25700	336.77
25710	336.8
25720	336.8
25730	336.89
25740	336.86
25750	336.91
25760	336.94
25770	336.94
25780	337.02
25790	337.05
25800	337.08
25810	337.2
25820	337.2
25830	337.31
25840	337.36
25850	337.4
25860	337.51
25870	337.53
25880	337.59
25890	337.68
25900	337.78
25910	337.83
25920	337.89
25930	337.91
25940	337.97
25950	337.98
25960	338.03
25970	337.99
25980	338.04
25990	338.08
26000	338.13
26010	338.2
26020	338.28
26030	338.29
26040	338.31
26050	338.43
26060	338.51
26070	338.6
26080	338.67
26090	338.75
26100	338.8
26110	338.9
26120	339.02
26130	339.12
26140	339.15
26150	339.22
26160	339.37
26170	339.4
26180	339.44
26190	339.55
26200	339.69
26210	339.76
26220	339.79
26230	339.84
26240	339.92
26250	339.98
26260	340.02
26270	340.03
26280	340.06
26290	340.17
26300	340.26
26310	340.29
26320	340.29
26330	340.37
26340	340.45
26350	340.61
26360	340.7
26370	340.71
26380	340.8
26390	340.78
26400	340.83
26410	340.87
26420	340.96
26430	340.98
26440	341.1
26450	341.15
26460	341.23
26470	341.23
26480	341.3
26490	341.33
26500	341.4
26510	341.49
26520	341.54
26530	341.54
26540	341.59
26550	341.62
26560	341.62
26570	341.68
26580	341.77
26590	341.82
26600	341.85
26610	341.88
26620	341.92
26630	342.1
26640	342.08
26650	342.14
26660	342.18
26670	342.23
26680	342.29
26690	342.33
26700	342.31
26710	342.31
26720	342.34
26730	342.39
26740	342.42
26750	342.46
26760	342.55
26770	342.49
26780	342.46
26790	342.48
26800	342.47
26810	342.54
26820	342.61
26830	342.69
26840	342.79
26850	342.89
26860	343.01
26870	343.1
26880	343.1
26890	343.26
26900	343.36
26910	343.42
26920	343.51
26930	343.53
26940	343.51
26950	343.53
26960	343.57
26970	343.62
26980	343.72
26990	343.75
27000	343.83
27010	343.99
27020	344.08
27030	344.11
27040	344.24
27050	344.33
27060	344.36
27070	344.31
27080	344.46
27090	344.59
27100	344.57
27110	344.6
27120	344.71
27130	344.8
27140	344.87
27150	344.9
27160	344.92
27170	344.96
27180	344.98
27190	345.0
27200	345.07
27210	345.16
27220	345.26
27230	345.28
27240	345.36
27250	345.36
27260	345.39
27270	345.42
27280	345.41
27290	345.47
27300	345.6
27310	345.7
27320	345.72
27330	345.83
27340	345.95
27350	345.94
27360	345.99
27370	346.01
27380	346.16
27390	346.24
27400	346.23
27410	346.29
27420	346.41
27430	346.51
27440	346.65
27450	346.72
27460	346.76
27470	346.82
27480	346.82
27490	346.88
27500	346.86
27510	347.0
27520	347.09
27530	347.2
27540	347.2
27550	347.26
27560	347.26
27570	347.26
27580	347.34
27590	347.42
27600	347.51
27610	347.58
27620	347.65
27630	347.74
27640	347.86
27650	347.86
27660	347.9
27670	348.01
27680	348.02
27690	348.1
27700	348.17
27710	348.25
27720	348.34
27730	348.36
27740	348.46
27750	348.54
27760	348.63
27770	348.71
27780	348.76
27790	348.79
27800	348.85
27810	348.9
27820	349.04
27830	349.05
27840	349.12
27850	349.1
27860	349.08
27870	349.05
27880	349.07
27890	349.16
27900	349.16
27910	349.23
27920	349.2
27930	349.26
27940	349.35
27950	349.43
27960	349.43
27970	349.48
27980	349.6
27990	349.67
28000	349.69
28010	349.74
28020	349.8
28030	349.88
28040	349.98
28050	350.13
28060	350.14
28070	350.18
28080	350.3
28090	350.3
28100	350.32
28110	350.36
28120	350.4
28130	350.37
28140	350.5
28150	350.6
28160	350.68
28170	350.78
28180	350.74
28190	350.7
28200	350.75
28210	350.82
28220	350.89
28230	350.96
28240	351.06
28250	351.14
28260	351.15
28270	351.31
28280	351.36
28290	351.42
28300	351.46
28310	351.52
28320	351.61
28330	351.65
28340	351.77
28350	351.87
28360	351.97
28370	352.0
28380	352.09
28390	352.15
28400	352.28
28410	352.36
28420	352.44
28430	352.5
28440	352.63
28450	352.72
28460	352.82
28470	352.89
28480	353.0
28490	353.09
28500	353.12
28510	353.28
28520	353.36
28530	353.45
28540	353.52
28550	353.55
28560	353.55
28570	353.62
28580	353.73
28590	353.76
28600	353.87
28610	354.03
28620	354.09
28630	354.13
28640	354.26
28650	354.37
28660	354.51
28670	354.55
28680	354.56
28690	354.54
28700	354.57
28710	354.66
28720	354.78
28730	354.85
28740	354.88
28750	354.91
28760	354.97
28770	355.04
28780	355.04
28790	355.11
28800	355.19
28810	355.26
28820	355.29
28830	355.36
28840	355.4
28850	355.49
28860	355.55
28870	355.57
28880	355.7
28890	355.74
28900	355.85
28910	355.96
28920	356.02
28930	356.11
28940	356.25
28950	356.35
28960	356.46
28970	356.49
28980	356.56
28990	356.6
29000	356.67
29010	356.71
29020	356.79
29030	356.91
29040	356.9
29050	356.99
29060	357.09
29070	357.19
29080	357.3
29090	357.3
29100	357.33
29110	357.3
29120	357.34
29130	357.39
29140	357.45
29150	357.5
29160	357.59
29170	357.65
29180	357.73
29190	357.86
29200	357.88
29210	357.9
29220	357.94
29230	358.04
29240	358.11
29250	358.2
29260	358.25
29270	358.27
29280	358.38
29290	358.5
29300	358.6
29310	358.59
29320	358.56
29330	358.61
29340	358.61
29350	358.7
29360	358.75
29370	358.78
29380	358.83
29390	358.83
29400	358.81
29410	358.83
29420	358.84
29430	358.86
29440	358.88
29450	358.91
29460	359.06
29470	359.1
29480	359.06
29490	359.15
29500	359.15
29510	359.22
29520	359.26
29530	359.28
29540	359.32
29550	359.42
29560	359.37
29570	359.49
29580	359.53
29590	359.61
29600	359.67
29610	359.7
29620	359.81
29630	359.84
29640	359.91
29650	359.98
29660	360.03
29670	360.01
29680	360.09
29690	360.08
29700	360.08
29710	360.2
29720	360.26
29730	360.32
29740	360.41
29750	360.48
29760	360.53
29770	360.49
29780	360.57
29790	360.68
29800	360.82
29810	360.99
29820	361.03
29830	361.14
29840	361.23
29850	361.33
29860	361.45
29870	361.51
29880	361.55
29890	361.46
29900	361.53
29910	361.64
29920	361.73
29930	361.73
29940	361.73
29950	361.75
29960	361.88
29970	361.92
29980	361.99
29990	362.03
30000	362.07
30010	362.08
30020	362.14
30030	362.19
30040	362.24
30050	362.38
30060	362.55
30070	362.68
30080	362.65
30090	362.71
30100	362.63
30110	362.7
30120	362.83
30130	362.98
30140	363.02
30150	363.04
30160	363.04
30170	363.18
30180	363.22
30190	363.26
30200	363.26
30210	363.38
30220	363.41
30230	363.49
30240	363.51
30250	363.46
30260	363.56
30270	363.65
30280	363.71
30290	363.85
30300	363.92
30310	363.98
30320	364.05
30330	364.08
30340	364.17
30350	364.29
30360	364.32
30370	364.42
30380	364.5
30390	364.51
30400	364.48
30410	364.51
30420	364.64
30430	364.67
30440	364.77
30450	364.94
30460	365.0
30470	365.01
30480	365.08
30490	365.04
30500	365.09
30510	365.16
30520	365.27
30530	365.3
30540	365.38
30550	365.41
30560	365.39
30570	365.49
30580	365.59
30590	365.64
30600	365.74
30610	365.82
30620	365.89
30630	366.0
30640	366.09
30650	366.09
30660	366.15
30670	366.24
30680	366.26
30690	366.25
30700	366.38
30710	366.43
30720	366.48
30730	366.53
30740	366.58
30750	366.53
30760	366.56
30770	366.59
30780	366.66
30790	366.73
30800	366.74
30810	366.76
30820	366.77
30830	366.94
30840	366.99
30850	367.09
30860	367.11
30870	367.19
30880	367.21
30890	367.29
30900	367.29
30910	367.31
30920	367.32
30930	367.4
30940	367.49
30950	367.63
30960	367.64
30970	367.78
30980	367.89
30990	368.0
31000	368.07
31010	368.17
31020	368.27
31030	368.33
31040	368.44
31050	368.5
31060	368.58
31070	368.56
31080	368.64
31090	368.73
31100	368.74
31110	368.81
31120	368.86
31130	368.84
31140	368.86
31150	368.98
31160	369.07
31170	369.05
31180	369.06
31190	369.07
31200	369.13
31210	369.19
31220	369.29
31230	369.37
31240	369.41
31250	369.52
31260	369.55
31270	369.55
31280	369.5
31290	369.58
31300	369.64
31310	369.66
31320	369.61
31330	369.72
31340	369.8
31350	369.83
31360	369.92
31370	369.95
31380	370.05
31390	370.06
31400	370.2
31410	370.24
31420	370.38
31430	370.38
31440	370.51
31450	370.52
31460	370.59
31470	370.7
31480	370.72
31490	370.84
31500	370.9
31510	371.02
31520	371.09
31530	371.11
31540	371.23
31550	371.39
31560	371.46
31570	371.49
31580	371.56
31590	371.62
31600	371.69
31610	371.72
31620	371.83
31630	371.91
31640	372.0
31650	372.02
31660	371.97
31670	371.99
31680	372.08
31690	372.13
31700	372.15
31710	372.19
31720	372.27
31730	372.36
31740	372.33
31750	372.48
31760	372.46
31770	372.58
31780	372.6
31790	372.6
31800	372.59
31810	372.63
31820	372.69
31830	372.8
31840	372.88
31850	372.99
31860	373.07
31870	373.11
31880	373.16
31890	373.26
31900	373.35
31910	373.48
31920	373.52
31930	373.58
31940	373.7
31950	373.84
31960	373.93
31970	373.92
31980	373.99
31990	373.96
32000	374.07
32010	374.2
32020	374.22
32030	374.31
32040	374.4
32050	374.46
32060	374.62
32070	374.7
32080	374.82
32090	374.83
32100	374.89
32110	374.93
32120	374.97
32130	375.02
32140	375.07
32150	375.12
32160	375.16
32170	375.16
32180	375.28
32190	375.32
32200	375.3
32210	375.39
32220	375.41
32230	375.46
32240	375.51
32250	375.54
32260	375.63
32270	375.73
32280	375.71
32290	375.8
32300	375.85
32310	375.93
32320	375.95
32330	375.94
32340	376.05
32350	376.13
32360	376.1
32370	376.15
32380	376.18
32390	376.24
32400	376.24
32410	376.33
32420	376.43
32430	376.44
32440	376.51
32450	376.56
32460	376.6
32470	376.71
32480	376.65
32490	376.61
32500	376.62
32510	376.73
32520	376.71
32530	376.66
32540	376.69
32550	376.71
32560	376.78
32570	376.94
32580	376.97
32590	377.06
32600	377.09
32610	377.13
32620	377.26
32630	377.4
32640	377.44
32650	377.51
32660	377.51
32670	377.57
32680	377.7
32690	377.71
32700	377.79
32710	377.87
32720	377.94
32730	378.06
32740	378.12
32750	378.22
32760	378.27
32770	378.25
32780	378.32
32790	378.44
32800	378.5
32810	378.59
32820	378.63
32830	378.68
32840	378.69
32850	378.69
32860	378.76
32870	378.8
32880	378.9
32890	378.93
32900	379.05
32910	379.0
32920	379.14
32930	379.2
32940	379.34
32950	379.4
32960	379.45
32970	379.55
32980	379.55
32990	379.66
33000	379.72
33010	379.75
33020	379.78
33030	379.83
33040	379.95
33050	379.96
33060	380.07
33070	380.1
33080	380.1
33090	380.14
33100	380.16
33110	380.21
33120	380.25
33130	380.28
33140	380.37
33150	380.44
33160	380.56
33170	380.65
33180	380.75
33190	380.77
33200	380.78
33210	380.88
33220	381.0
33230	381.05
33240	381.09
33250	381.22
33260	381.24
33270	381.24
33280	381.35
33290	381.36
33300	381.46
33310	381.48
33320	381.54
33330	381.57
33340	381.54
33350	381.58
33360	381.55
33370	381.61
33380	381.67
33390	381.75
33400	381.85
33410	381.84
33420	381.91
33430	381.99
33440	382.11
33450	382.14
33460	382.17
33470	382.22
33480	382.35
33490	382.35
33500	382.4
33510	382.44
33520	382.57
33530	382.59
33540	382.64
33550	382.64
33560	382.81
33570	382.83
33580	382.84
33590	382.87
33600	382.98
33610	383.04
33620	383.18
33630	383.24
33640	383.25
33650	383.35
33660	383.41
33670	383.54
33680	383.63
33690	383.7
33700	383.85
33710	383.92
33720	383.93
33730	383.97
33740	384.03
33750	384.11
33760	384.17
33770	384.27
33780	384.21
33790	384.29
33800	384.36
33810	384.47
33820	384.52
33830	384.58
33840	384.57
33850	384.61
33860	384.65
33870	384.64
33880	384.74
33890	384.86
33900	384.86
33910	384.84
33920	384.93
33930	385.0
33940	385.04
33950	385.13
33960	385.27
33970	385.3
33980	385.36
33990	385.44
34000	385.5
34010	385.54
34020	385.62
34030	385.61
34040	385.67
34050	385.76
34060	385.7
34070	385.81
34080	385.79
34090	385.84
34100	385.96
34110	385.98
34120	386.07
34130	386.18
34140	386.28
34150	386.38
34160	386.44
34170	386.49
34180	386.64
34190	386.71
34200	386.74
34210	386.8
34220	386.87
34230	386.96
34240	386.98
34250	387.04
34260	387.03
34270	387.21
34280	387.3
34290	387.38
34300	387.42
34310	387.51
34320	387.55
34330	387.6
34340	387.59
34350	387.74
34360	387.85
34370	387.91
34380	387.98
34390	388.1
34400	388.16
34410	388.25
34420	388.35
34430	388.43
34440	388.43
34450	388.48
34460	388.49
34470	388.44
34480	388.51
34490	388.56
34500	388.59
34510	388.65
34520	388.73
34530	388.82
34540	388.91
34550	389.0
34560	388.98
34570	389.07
34580	389.05
34590	389.07
34600	389.15
34610	389.19
34620	389.21
34630	389.34
34640	389.41
34650	389.45
34660	389.52
34670	389.59
34680	389.67
34690	389.71
34700	389.72
34710	389.76
34720	389.8
34730	389.81
34740	389.88
34750	389.9
34760	390.01
34770	390.1
34780	390.14
34790	390.32
34800	390.48
34810	390.57
34820	390.54
34830	390.6
34840	390.63
34850	390.74
34860	390.86
34870	390.85
34880	390.91
34890	390.97
34900	391.05
34910	391.14
34920	391.14
34930	391.15
34940	391.21
34950	391.33
34960	391.36
34970	391.4
34980	391.47
34990	391.53
35000	391.6
35010	391.58
35020	391.65
35030	391.71
35040	391.8
35050	391.84
35060	391.9
35070	391.98
35080	392.0
35090	392.03
35100	392.09
35110	392.15
35120	392.21
35130	392.25
35140	392.37
35150	392.41
35160	392.43
35170	392.53
35180	392.64
35190	392.74
35200	392.85
35210	392.95
35220	392.98
35230	393.02
35240	393.11
35250	393.18
35260	393.25
35270	393.3
35280	393.31
35290	393.38
35300	393.44
35310	393.49
35320	393.61
35330	393.63
35340	393.73
35350	393.82
35360	393.84
35370	393.93
35380	393.98
35390	394.03
35400	394.06
35410	394.15
35420	394.18
35430	394.32
35440	394.37
35450	394.33
35460	394.35
35470	394.33
35480	394.41
35490	394.4
35500	394.43
35510	394.4
35520	394.46
35530	394.44
35540	394.48
35550	394.5
35560	394.5
35570	394.52
35580	394.62
35590	394.7
35600	394.78
35610	394.78
35620	394.9
35630	394.93
35640	394.94
35650	395.03
35660	395.08
35670	395.21
35680	395.27
35690	395.35
35700	395.46
35710	395.65
35720	395.77
35730	395.74
35740	395.79
35750	395.9
35760	395.89
35770	395.98
35780	396.02
35790	396.13
35800	396.17
35810	396.21
35820	396.38
35830	396.41
35840	396.52
35850	396.61
35860	396.69
35870	396.74
35880	396.78
35890	396.81
35900	396.89
35910	396.91
35920	396.98
35930	397.05
35940	397.17
35950	397.23
35960	397.34
35970	397.38
35980	397.37
35990	397.37
36000	397.34
36010	397.48
36020	397.46
36030	397.51
36040	397.63
36050	397.71
36060	397.75
36070	397.65
36080	397.72
36090	397.83
36100	397.97
36110	398.05
36120	398.05
36130	398.1
36140	398.19
36150	398.27
36160	398.32
36170	398.39
36180	398.48
36190	398.6
36200	398.59
36210	398.64
36220	398.67
36230	398.69
36240	398.75
36250	398.86
36260	398.87
36270	398.88
36280	399.0
36290	399.06
36300	399.11
36310	399.18
36320	399.21
36330	399.28
36340	399.34
36350	399.4
36360	399.57
36370	399.64
36380	399.8
36390	399.94
36400	400.04
36410	400.15
36420	400.2
36430	400.26
36440	400.37
36450	400.37
36460	400.4
36470	400.45
36480	400.54
36490	400.61
36500	400.67
36510	400.63
36520	400.69
36530	400.81
36540	400.89
36550	401.01
36560	401.04
36570	401.15
36580	401.23
36590	401.31
36600	401.34
36610	401.36
36620	401.46
36630	401.45
36640	401.42
36650	401.49
36660	401.55
36670	401.62
36680	401.62
36690	401.63
36700	401.64
36710	401.82
36720	401.88
36730	401.86
36740	402.01
36750	402.1
36760	402.26
36770	402.32
36780	402.41
36790	402.48
36800	402.52
36810	402.65
36820	402.65
36830	402.67
36840	402.76
36850	402.85
36860	402.91
36870	402.94
36880	403.04
36890	403.06
36900	403.09
36910	403.14
36920	403.18
36930	403.29
36940	403.39
36950	403.4
36960	403.43
36970	403.49
36980	403.47
36990	403.47
37000	403.51
37010	403.53
37020	403.57
37030	403.67
37040	403.78
37050	403.86
37060	403.94
37070	404.02
37080	404.09
37090	404.13
37100	404.23
37110	404.32
37120	404.33
37130	404.42
37140	404.51
37150	404.55
37160	404.59
37170	404.67
37180	404.74
37190	404.87
37200	404.95
37210	405.03
37220	405.14
37230	405.15
37240	405.22
37250	405.35
37260	405.47
37270	405.55
37280	405.63
37290	405.58
37300	405.59
37310	405.59
37320	405.57
37330	405.65
37340	405.74
37350	405.74
37360	405.75
37370	405.79
37380	405.84
37390	405.91
37400	405.99
37410	406.09
37420	406.17
37430	406.21
37440	406.26
37450	406.33
37460	406.39
37470	406.4
37480	406.53
37490	406.59
37500	406.67
37510	406.76
37520	406.76
37530	406.8
37540	406.85
37550	406.89
37560	407.0
37570	407.06
37580	407.15
37590	407.17
37600	407.18
37610	407.31
37620	407.39
37630	407.44
37640	407.47
37650	407.53
37660	407.62
37670	407.7
37680	407.72
37690	407.8
37700	407.95
37710	407.97
37720	408.0
37730	408.09
37740	408.09
37750	408.14
37760	408.17
37770	408.29
37780	408.21
37790	408.26
37800	408.28
37810	408.33
37820	408.39
37830	408.54
37840	408.5
37850	408.58
37860	408.61
37870	408.69
37880	408.69
37890	408.75
37900	408.79
37910	408.82
37920	408.93
37930	408.99
37940	409.12
37950	409.24
37960	409.3
37970	409.39
37980	409.49
37990	409.58
38000	409.67
38010	409.72
38020	409.76
38030	409.73
38040	409.8
38050	409.89
38060	409.97
38070	410.01
38080	410.05
38090	410.08
38100	410.2
38110	410.28
38120	410.36
38130	410.42
38140	410.47
38150	410.57
38160	410.64
38170	410.7
38180	410.73
38190	410.79
38200	410.88
38210	410.98
38220	410.97
38230	410.98
38240	410.96
38250	411.0
38260	411.12
38270	411.12
38280	411.15
38290	411.23
38300	411.31
38310	411.42
38320	411.43
38330	411.59
38340	411.62
38350	411.66
38360	411.64
38370	411.64
38380	411.7
38390	411.83
38400	411.92
38410	412.05
38420	412.06
38430	412.08
38440	412.08
38450	412.15
38460	412.21
38470	412.18
38480	412.27
38490	412.26
38500	412.38
38510	412.41
38520	412.5
38530	412.6
38540	412.62
38550	412.7
38560	412.76
38570	412.84
38580	412.87
38590	412.93
38600	412.91
38610	413.06
38620	413.13
38630	413.18
38640	413.19
38650	413.27
38660	413.33
38670	413.44
38680	413.52
38690	413.46
38700	413.48
38710	413.57
38720	413.67
38730	413.75
38740	413.87
38750	413.87
38760	413.9
38770	413.89
38780	413.9
38790	413.95
38800	414.02
38810	414.1
38820	414.11
38830	414.13
38840	414.19
38850	414.29
38860	414.29
38870	414.32
38880	414.4
38890	414.45
38900	414.41
38910	414.46
38920	414.57
38930	414.68
38940	414.69
38950	414.75
38960	414.85
38970	414.98
38980	415.04
38990	415.13
39000	415.11
39010	415.24
39020	415.29
39030	415.31
39040	415.34
39050	415.42
39060	415.44
39070	415.51
39080	415.51
39090	415.6
39100	415.63
39110	415.73
39120	415.75
39130	415.82
39140	415.87
39150	415.89
39160	415.98
39170	416.02
39180	416.06
39190	416.15
39200	416.28
39210	416.42
39220	416.44
39230	416.43
39240	416.43
39250	416.5
39260	416.55
39270	416.65
39280	416.66
39290	416.73
39300	416.81
39310	416.89
39320	416.97
39330	417.03
39340	416.99
39350	417.05
39360	417.18
39370	417.25
39380	417.28
39390	417.34
39400	417.47
39410	417.53
39420	417.53
39430	417.48
39440	417.51
39450	417.55
39460	417.71
39470	417.77
39480	417.83
39490	417.94
39500	418.04
39510	417.98
39520	418.09
39530	418.05
39540	418.07
39550	418.1
39560	418.17
39570	418.2
39580	418.27
39590	418.25
39600	418.35
39610	418.41
39620	418.51
39630	418.53
39640	418.56
39650	418.55
39660	418.56
39670	418.7
39680	418.7
39690	418.76
39700	418.85
39710	418.93
39720	418.96
39730	419.05
39740	419.09
39750	419.11
39760	419.21
39770	419.19
39780	419.28
39790	419.32
39800	419.39
39810	419.4
39820	419.38
39830	419.43
39840	419.52
39850	419.56
39860	419.61
39870	419.73
39880	419.89
39890	419.94
39900	420.06
39910	420.14
39920	420.25
39930	420.32
39940	420.39
39950	420.48
39960	420.56
39970	420.52
39980	420.63
39990	420.77
40000	420.86
40010	420.96
40020	421.05
40030	421.16
40040	421.2
40050	421.26
40060	421.27
40070	421.36
40080	421.43
40090	421.45
40100	421.44
40110	421.48
40120	421.56
40130	421.6
40140	421.58
40150	421.64
40160	421.67
40170	421.75
40180	421.77
40190	421.76
40200	421.88
40210	421.96
40220	421.98
40230	422.03
40240	422.08
40250	422.22
40260	422.41
40270	422.52
40280	422.58
40290	422.72
40300	422.84
40310	422.88
40320	422.95
40330	423.02
40340	423.08
40350	423.19
40360	423.23
40370	423.25
40380	423.33
40390	423.39
40400	423.45
40410	423.55
40420	423.64
40430	423.68
40440	423.71
40450	423.74
40460	423.76
40470	423.86
40480	423.93
40490	423.88
40500	423.91
40510	423.93
40520	423.93
40530	424.0
40540	423.96
40550	423.96
40560	423.99
40570	424.07
40580	424.14
40590	424.21
40600	424.24
40610	424.29
40620	424.3
40630	424.35
40640	424.37
40650	424.49
40660	424.55
40670	424.54
40680	424.63
40690	424.75
40700	424.81
40710	424.92
40720	424.96
40730	425.08
40740	425.14
40750	425.21
40760	425.24
40770	425.19
40780	425.27
40790	425.34
40800	425.42
40810	425.46
40820	425.57
40830	425.65
40840	425.67
40850	425.69
40860	425.77
40870	425.83
40880	425.91
40890	425.9
40900	425.99
40910	426.06
40920	426.1
40930	426.16
40940	426.33
40950	426.39
40960	426.44
40970	426.52
40980	426.65
40990	426.66
41000	426.8
41010	426.93
41020	426.98
41030	427.06
41040	427.14
41050	427.11
41060	427.2
41070	427.24
41080	427.33
41090	427.38
41100	427.38
41110	427.46
41120	427.42
41130	427.53
41140	427.55
41150	427.64
41160	427.75
41170	427.8
41180	427.9
41190	427.99
41200	428.03
41210	428.11
41220	428.14
41230	428.19
41240	428.26
41250	428.41
41260	428.44
41270	428.44
41280	428.57
41290	428.62
41300	428.65
41310	428.65
41320	428.73
41330	428.75
41340	428.78
41350	428.88
41360	428.89
41370	428.94
41380	428.94
41390	429.0
41400	429.07
41410	429.07
41420	429.21
41430	429.29
41440	429.42
41450	429.47
41460	429.58
41470	429.64
41480	429.68
41490	429.75
41500	429.76
41510	429.91
41520	429.98
41530	430.04
41540	430.09
41550	430.09
41560	430.08
41570	430.14
41580	430.2
41590	430.29
41600	430.4
41610	430.43
41620	430.53
41630	430.63
41640	430.71
41650	430.7
41660	430.75
41670	430.85
41680	430.91
41690	430.92
41700	430.96
41710	431.01
41720	431.11
41730	431.19
41740	431.22
41750	431.28
41760	431.33
41770	431.4
41780	431.5
41790	431.49
41800	431.62
41810	431.73
41820	431.79
41830	431.94
41840	431.94
41850	432.05
41860	432.23
41870	432.27
41880	432.39
41890	432.41
41900	432.45
41910	432.47
41920	432.45
41930	432.5
41940	432.56
41950	432.63
41960	432.7
41970	432.72
41980	432.8
41990	432.88
42000	432.9
42010	432.94
42020	433.05
42030	433.06
42040	433.12
42050	433.1
42060	433.15
42070	433.15
42080	433.21
42090	433.2
42100	433.25
42110	433.29
42120	433.4
42130	433.47
42140	433.5
42150	433.52
42160	433.64
42170	433.81
42180	433.81
42190	433.85
42200	433.91
42210	434.03
42220	434.03
42230	434.05
42240	434.13
42250	434.2
42260	434.17
42270	434.12
42280	434.14
42290	434.28
42300	434.35
42310	434.43
42320	434.44
42330	434.45
42340	434.55
42350	434.57
42360	434.62
42370	434.66
42380	434.73
42390	434.75
42400	434.88
42410	434.93
42420	435.05
42430	435.16
42440	435.3
42450	435.31
42460	435.38
42470	435.49
42480	435.53
42490	435.61
42500	435.63
42510	435.71
42520	435.8
42530	436.0
42540	436.02
42550	436.11
42560	436.18
42570	436.26
42580	436.39
42590	436.4
42600	436.45
42610	436.5
42620	436.52
42630	436.53
42640	436.54
42650	436.63
42660	436.72
42670	436.77
42680	436.81
42690	436.92
42700	437.01
42710	437.1
42720	437.15
42730	437.24
42740	437.24
42750	437.39
42760	437.44
42770	437.47
42780	437.52
42790	437.59
42800	437.56
42810	437.6
42820	437.7
42830	437.74
42840	437.76
42850	437.78
42860	437.89
42870	437.93
42880	438.0
42890	438.04
42900	438.21
42910	438.3
42920	438.39
42930	438.49
42940	438.48
42950	438.64
42960	438.69
42970	438.67
42980	438.76
42990	438.81
43000	438.85
43010	438.97
43020	439.09
43030	439.24
43040	439.26
43050	439.4
43060	439.48
43070	439.59
43080	439.71
43090	439.81
43100	439.9
43110	439.84
43120	439.89
43130	439.97
43140	440.08
43150	440.11
43160	440.19
43170	440.32
43180	440.42
43190	440.48
43200	440.52
43210	440.64
43220	440.73
43230	440.73
43240	440.75
43250	440.89
43260	440.91
43270	441.01
43280	441.03
43290	441.04
43300	441.13
43310	441.17
43320	441.23
43330	441.24
43340	441.21
43350	441.33
43360	441.39
43370	441.47
43380	441.53
43390	441.53
43400	441.61
43410	441.6
43420	441.66
43430	441.72
43440	441.8
43450	441.86
43460	441.99
43470	442.04
43480	442.08
43490	442.04
43500	442.09
43510	442.17
43520	442.23
43530	442.4
43540	442.4
43550	442.45
43560	442.52
43570	442.58
43580	442.65
43590	442.76
43600	442.8
43610	442.85
43620	442.84
43630	442.94
43640	442.88
43650	442.94
43660	443.0
43670	442.96
43680	443.02
43690	443.13
43700	443.25
43710	443.29
43720	443.29
43730	443.39
43740	443.47
43750	443.56
43760	443.55
43770	443.54
43780	443.58
43790	443.7
43800	443.82
43810	443.87
43820	443.98
43830	444.0
43840	444.11
43850	444.27
43860	444.4
43870	444.46
43880	444.48
43890	444.56
43900	444.58
43910	444.64
43920	444.64
43930	444.68
43940	444.71
43950	444.79
43960	444.86
43970	444.92
43980	444.96
43990	445.01
44000	445.03
44010	445.08
44020	445.14
44030	445.23
44040	445.34
44050	445.38
44060	445.48
44070	445.54
44080	445.59
44090	445.75
44100	445.77
44110	445.83
44120	445.91
44130	446.01
44140	446.09
44150	446.21
44160	446.27
44170	446.37
44180	446.36
44190	446.39
44200	446.39
44210	446.47
44220	446.5
44230	446.59
44240	446.58
44250	446.64
44260	446.7
44270	446.73
44280	446.81
44290	446.94
44300	446.97
44310	447.0
44320	447.07
44330	447.1
44340	447.19
44350	447.3
44360	447.37
44370	447.42
44380	447.47
44390	447.48
44400	447.62
44410	447.72
44420	447.78
44430	447.93
44440	448.04
44450	448.09
44460	448.12
44470	448.19
44480	448.26
44490	448.3
44500	448.41
44510	448.45
44520	448.49
44530	448.53
44540	448.62
44550	448.62
44560	448.68
44570	448.67
44580	448.72
44590	448.71
44600	448.74
44610	448.79
44620	448.91
44630	449.02
44640	449.14
44650	449.17
44660	449.28
44670	449.3
44680	449.41
44690	449.46
44700	449.56
44710	449.66
44720	449.64
44730	449.68
44740	449.75
44750	449.89
44760	449.94
44770	450.01
44780	450.07
44790	450.13
44800	450.3
44810	450.42
44820	450.44
44830	450.53
44840	450.56
44850	450.64
44860	450.73
44870	450.76
44880	450.8
44890	450.89
44900	451.0
44910	451.04
44920	451.01
44930	451.17
44940	451.21
44950	451.31
44960	451.46
44970	451.56
44980	451.61
44990	451.68
45000	451.75
45010	451.78
45020	451.81
45030	451.96
45040	452.02
45050	452.09
45060	452.17
45070	452.18
45080	452.22
45090	452.27
45100	452.29
45110	452.33
45120	452.36
45130	452.38
45140	452.43
45150	452.55
45160	452.67
45170	452.72
45180	452.87
45190	452.86
45200	452.92
45210	452.94
45220	452.95
45230	453.01
45240	453.05
45250	453.15
45260	453.1
45270	453.21
45280	453.2
45290	453.26
45300	453.31
45310	453.37
45320	453.45
45330	453.56
45340	453.66
45350	453.79
45360	453.85
45370	453.91
45380	453.92
45390	454.0
45400	454.14
45410	454.27
45420	454.34
45430	454.4
45440	454.46
45450	454.49
45460	454.56
45470	454.58
45480	454.63
45490	454.65
45500	454.69
45510	454.72
45520	454.74
45530	454.74
45540	454.84
45550	454.81
45560	454.83
45570	454.87
45580	454.88
45590	454.98
45600	455.0
45610	455.06
45620	455.13
45630	455.13
45640	455.18
45650	455.13
45660	455.13
45670	455.16
45680	455.18
45690	455.29
45700	455.41
45710	455.37
45720	455.42
45730	455.5
45740	455.53
45750	455.65
45760	455.68
45770	455.76
45780	455.76
45790	455.88
45800	456.0
45810	456.09
45820	456.14
45830	456.2
45840	456.24
45850	456.29
45860	456.29
45870	456.33
45880	456.39
45890	456.51
45900	456.65
45910	456.75
45920	456.78
45930	456.92
45940	456.96
45950	457.03
45960	457.12
45970	457.2
45980	457.27
45990	457.35
46000	457.38
46010	457.43
46020	457.39
46030	457.39
46040	457.42
46050	457.56
46060	457.68
46070	457.8
46080	457.83
46090	457.9
46100	457.86
46110	457.91
46120	458.0
46130	458.05
46140	458.06
46150	458.16
46160	458.23
46170	458.25
46180	458.34
46190	458.36
46200	458.41
46210	458.49
46220	458.53
46230	458.64
46240	458.74
46250	458.82
46260	458.95
46270	458.96
46280	459.05
46290	459.12
46300	459.24
46310	459.3
46320	459.4
46330	459.46
46340	459.53
46350	459.62
46360	459.71
46370	459.82
46380	459.87
46390	459.92
46400	460.04
46410	460.11
46420	460.15
46430	460.14
46440	460.12
46450	460.15
46460	460.23
46470	460.32
46480	460.42
46490	460.48
46500	460.53
46510	460.6
46520	460.58
46530	460.63
46540	460.69
46550	460.78
46560	460.8
46570	460.88
46580	460.95
46590	460.96
46600	461.01
46610	461.09
46620	461.2
46630	461.24
46640	461.31
46650	461.42
46660	461.46
46670	461.48
46680	461.49
46690	461.57
46700	461.67
46710	461.79
46720	461.85
46730	461.91
46740	461.98
46750	462.01
46760	462.04
46770	462.16
46780	462.2
46790	462.27
46800	462.39
46810	462.42
46820	462.48
46830	462.56
46840	462.6
46850	462.72
46860	462.85
46870	462.97
46880	463.18
46890	463.26
46900	463.36
46910	463.31
46920	463.29
46930	463.42
46940	463.42
46950	463.47
46960	463.59
46970	463.62
46980	463.73
46990	463.81
47000	463.9
47010	464.01
47020	464.05
47030	464.23
47040	464.27
47050	464.32
47060	464.43
47070	464.51
47080	464.61
47090	464.57
47100	464.6
47110	464.59
47120	464.72
47130	464.77
47140	464.77
47150	464.83
47160	464.93
47170	465.03
47180	465.1
47190	465.15
47200	465.22
47210	465.31
47220	465.39
47230	465.48
47240	465.58
47250	465.65
47260	465.67
47270	465.69
47280	465.72
47290	465.79
47300	465.81
47310	465.84
47320	465.95
47330	465.97
47340	466.06
47350	466.11
47360	466.21
47370	466.26
47380	466.38
47390	466.43
47400	466.5
47410	466.47
47420	466.52
47430	466.64
47440	466.64
47450	466.68
47460	466.76
47470	466.81
47480	466.91
47490	467.07
47500	467.17
47510	467.22
47520	467.3
47530	467.28
47540	467.3
47550	467.31
47560	467.44
47570	467.54
47580	467.54
47590	467.65
47600	467.69
47610	467.69
47620	467.71
47630	467.74
47640	467.83
47650	467.93
47660	468.05
47670	468.11
47680	468.16
47690	468.22
47700	468.25
47710	468.33
47720	468.4
47730	468.55
47740	468.75
47750	468.83
47760	468.85
47770	468.91
47780	468.97
47790	469.04
47800	469.08
47810	469.18
47820	469.26
47830	469.35
47840	469.28
47850	469.35
47860	469.34
47870	469.26
47880	469.3
47890	469.38
47900	469.4
47910	469.42
47920	469.56
47930	469.7
47940	469.74
47950	469.87
47960	469.94
47970	470.03
47980	470.1
47990	470.15
48000	470.2
48010	470.26
48020	470.3
48030	470.28
48040	470.36
48050	470.43
48060	470.46
48070	470.49
48080	470.55
48090	470.69
48100	470.71
48110	470.78
48120	470.84
48130	470.83
48140	470.87
48150	470.97
48160	471.02
48170	471.07
48180	471.06
48190	471.06
48200	471.1
48210	471.16
48220	471.21
48230	471.28
48240	471.29
48250	471.36
48260	471.38
48270	471.5
48280	471.53
48290	471.61
48300	471.66
48310	471.77
48320	471.83
48330	471.96
48340	472.0
48350	472.03
48360	472.0
48370	472.0
48380	472.02
48390	472.08
48400	472.12
48410	472.15
48420	472.22
48430	472.24
48440	472.33
48450	472.39
48460	472.42
48470	472.53
48480	472.5
48490	472.53
48500	472.67
48510	472.76
48520	472.8
48530	472.92
48540	472.94
48550	473.04
48560	473.17
48570	473.25
48580	473.34
48590	473.37
48600	473.39
48610	473.49
48620	473.55
48630	473.55
48640	473.62
48650	473.61
48660	473.69
48670	473.81
48680	473.91
48690	473.9
48700	473.91
48710	473.87
48720	473.94
48730	473.92
48740	474.06
48750	474.15
48760	474.2
48770	474.29
48780	474.36
48790	474.37
48800	474.35
48810	474.36
48820	474.42
48830	474.46
48840	474.46
48850	474.51
48860	474.61
48870	474.67
48880	474.68
48890	474.66
48900	474.73
48910	474.84
48920	474.96
48930	475.03
48940	475.13
48950	475.24
48960	475.39
48970	475.48
48980	475.47
48990	475.43
49000	475.48
49010	475.61
49020	475.67
49030	475.66
49040	475.8
49050	475.9
49060	475.89
49070	475.93
49080	475.93
49090	476.03
49100	476.1
49110	476.15
49120	476.14
49130	476.31
49140	476.4
49150	476.49
49160	476.5
49170	476.57
49180	476.62
49190	476.69
49200	476.71
49210	476.69
49220	476.75
49230	476.72
49240	476.74
49250	476.82
49260	476.84
49270	476.92
49280	476.97
49290	477.02
49300	477.02
49310	477.06
49320	477.21
49330	477.21
49340	477.28
49350	477.44
49360	477.46
49370	477.65
49380	477.73
49390	477.83
49400	477.86
49410	477.98
49420	478.0
49430	478.09
49440	478.16
49450	478.23
49460	478.26
49470	478.29
49480	478.39
49490	478.42
49500	478.42
49510	478.46
49520	478.47
49530	478.54
49540	478.7
49550	478.76
49560	478.85
49570	478.89
49580	478.95
49590	478.99
49600	479.07
49610	479.1
49620	479.11
49630	479.14
49640	479.24
49650	479.33
49660	479.36
49670	479.39
49680	479.49
49690	479.53
49700	479.57
49710	479.57
49720	479.6
49730	479.61
49740	479.72
49750	479.72
49760	479.82
49770	479.89
49780	479.95
49790	480.09
49800	480.19
49810	480.29
49820	480.36
49830	480.41
49840	480.45
49850	480.59
49860	480.69
49870	480.78
49880	480.8
49890	480.84
49900	480.84
49910	480.91
49920	481.02
49930	481.09
49940	481.12
49950	481.17
49960	481.22
49970	481.14
49980	481.21
49990	481.27
50000	481.29
50010	481.38
50020	481.38
50030	481.43
50040	481.5
50050	481.54
50060	481.64
50070	481.62
50080	481.65
50090	481.72
50100	481.78
50110	481.81
50120	481.81
50130	481.79
50140	481.84
50150	481.85
50160	481.92
50170	482.0
50180	482.08
50190	482.08
50200	482.06
50210	482.08
50220	482.21
50230	482.2
50240	482.3
50250	482.36
50260	482.45
50270	482.52
50280	482.52
50290	482.54
50300	482.71
50310	482.77
50320	482.76
50330	482.75
50340	482.75
50350	482.8
50360	482.89
50370	482.94
50380	482.92
50390	482.96
50400	483.07
50410	483.19
50420	483.24
50430	483.39
50440	483.53
50450	483.62
50460	483.69
50470	483.79
50480	483.81
50490	483.88
50500	483.86
50510	483.86
50520	483.94
50530	483.98
50540	484.05
50550	484.07
50560	484.14
50570	484.31
50580	484.35
50590	484.39
50600	484.48
50610	484.63
50620	484.65
50630	484.67
50640	484.72
50650	484.78
50660	484.88
50670	484.93
50680	485.0
50690	485.08
50700	485.06
50710	485.06
50720	485.06
50730	485.11
50740	485.14
50750	485.21
50760	485.3
50770	485.33
50780	485.29
50790	485.35
50800	485.44
50810	485.53
50820	485.6
50830	485.65
50840	485.71
50850	485.75
50860	485.81
50870	485.92
50880	485.95
50890	485.97
50900	486.02
50910	486.05
50920	486.09
50930	486.08
50940	486.16
50950	486.18
50960	486.31
50970	486.4
50980	486.42
50990	486.47
51000	486.62
51010	486.64
51020	486.76
51030	486.86
51040	486.97
51050	487.0
51060	487.1
51070	487.14
51080	487.29
51090	487.31
51100	487.43
51110	487.43
51120	487.47
51130	487.62
51140	487.66
51150	487.75
51160	487.79
51170	487.86
51180	487.83
51190	487.91
51200	487.94
51210	488.01
51220	488.07
51230	488.05
51240	488.12
51250	488.13
51260	488.19
51270	488.24
51280	488.31
51290	488.4
51300	488.39
51310	488.46
51320	488.39
51330	488.53
51340	488.56
51350	488.58
51360	488.63
51370	488.74
51380	488.78
51390	488.76
51400	488.83
51410	488.9
51420	488.94
51430	488.99
51440	489.05
51450	489.09
51460	489.07
51470	489.1
51480	489.06
51490	489.16
51500	489.23
51510	489.34
51520	489.39
51530	489.53
51540	489.55
51550	489.59
51560	489.56
51570	489.67
51580	489.74
51590	489.84
51600	489.91
51610	489.94
51620	490.06
51630	490.11
51640	490.09
51650	490.17
51660	490.23
51670	490.25
51680	490.43
51690	490.48
51700	490.54
51710	490.69
51720	490.81
51730	490.84
51740	490.85
51750	490.91
51760	490.89
51770	490.97
51780	491.01
51790	491.06
51800	491.07
51810	491.1
51820	491.03
51830	491.08
51840	491.15
51850	491.26
51860	491.32
51870	491.26
51880	491.25
51890	491.27
51900	491.41
51910	491.53
51920	491.58
51930	491.62
51940	491.64
51950	491.74
51960	491.86
51970	491.94
51980	492.0
51990	492.07
52000	492.12
52010	492.19
52020	492.16
52030	492.22
52040	492.34
52050	492.39
52060	492.43
52070	492.5
52080	492.53
52090	492.65
52100	492.66
52110	492.79
52120	492.88
52130	492.97
52140	493.03
52150	493.08
52160	493.1
52170	493.15
52180	493.23
52190	493.25
52200	493.33
52210	493.47
52220	493.55
52230	493.62
52240	493.63
52250	493.64
52260	493.69
52270	493.75
52280	493.76
52290	493.82
52300	493.81
52310	493.88
52320	493.94
52330	493.99
52340	493.99
52350	494.03
52360	494.03
52370	494.15
52380	494.23
52390	494.39
52400	494.46
52410	494.5
52420	494.61
52430	494.62
52440	494.71
52450	494.76
52460	494.78
52470	494.84
52480	494.89
52490	494.97
52500	495.05
52510	495.17
52520	495.25
52530	495.35
52540	495.53
52550	495.55
52560	495.63
52570	495.65
52580	495.75
52590	495.87
52600	495.89
52610	496.04
52620	496.08
52630	496.08
52640	496.18
52650	496.3
52660	496.3
52670	496.34
52680	496.37
52690	496.48
52700	496.5
52710	496.54
52720	496.62
52730	496.62
52740	496.65
52750	496.79
52760	496.83
52770	496.87
52780	496.97
52790	497.03
52800	497.13
52810	497.18
52820	497.17
52830	497.29
52840	497.34
52850	497.39
52860	497.39
52870	497.43
52880	497.49
52890	497.52
52900	497.55
52910	497.63
52920	497.68
52930	497.74
52940	497.82
52950	497.91
52960	498.07
52970	498.07
52980	498.1
52990	498.16
53000	498.22
53010	498.36
53020	498.44
53030	498.49
53040	498.53
53050	498.61
53060	498.65
53070	498.68
53080	498.82
53090	498.86
53100	498.97
53110	498.91
53120	498.99
53130	499.03
53140	499.1
53150	499.18
53160	499.3
53170	499.32
53180	499.36
53190	499.34
53200	499.36
53210	499.43
53220	499.58
53230	499.65
53240	499.73
53250	499.78
53260	499.83
53270	499.94
53280	500.06
53290	500.16
53300	500.28
53310	500.32
53320	500.41
53330	500.54
53340	500.6
53350	500.69
53360	500.78
53370	500.88
53380	500.98
53390	500.96
53400	501.0
53410	501.08
53420	501.12
53430	501.19
53440	501.26
53450	501.31
53460	501.4
53470	501.42
53480	501.44
53490	501.63
53500	501.62
53510	501.68
53520	501.71
53530	501.75
53540	501.82
53550	501.87
53560	501.92
53570	502.1
53580	502.15
53590	502.24
53600	502.33
53610	502.41
53620	502.48
53630	502.65
53640	502.73
53650	502.86
53660	502.95
53670	503.01
53680	503.02
53690	503.09
53700	503.11
53710	503.14
53720	503.17
53730	503.21
53740	503.28
53750	503.37
53760	503.38
53770	503.46
53780	503.52
53790	503.49
53800	503.51
53810	503.57
53820	503.64
53830	503.72
53840	503.8
53850	503.83
53860	503.82
53870	503.87
53880	503.91
53890	504.04
53900	504.05
53910	504.06
53920	504.12
53930	504.23
53940	504.3
53950	504.41
53960	504.43
53970	504.55
53980	504.6
53990	504.68
54000	504.76
54010	504.8
54020	504.8
54030	504.87
54040	504.95
54050	505.04
54060	505.1
54070	505.11
54080	505.17
54090	505.26
54100	505.36
54110	505.49
54120	505.49
54130	505.56
54140	505.57
54150	505.58
54160	505.54
54170	505.58
54180	505.59
54190	505.59
54200	505.62
54210	505.72
54220	505.79
54230	505.81
54240	505.92
54250	506.0
54260	506.09
54270	506.11
54280	506.16
54290	506.27
54300	506.34
54310	506.39
54320	506.41
54330	506.44
54340	506.48
54350	506.56
54360	506.65
54370	506.66
54380	506.77
54390	506.89
54400	506.95
54410	506.98
54420	507.01
54430	507.05
54440	507.16
54450	507.2
54460	507.22
54470	507.3
54480	507.38
54490	507.44
54500	507.43
54510	507.52
54520	507.59
54530	507.61
54540	507.69
54550	507.81
54560	507.81
54570	507.83
54580	507.96
54590	508.08
54600	508.24
54610	508.34
54620	508.4
54630	508.44
54640	508.54
54650	508.63
54660	508.7
54670	508.81
54680	508.83
54690	508.88
54700	508.92
54710	508.94
54720	508.99
54730	509.13
54740	509.17
54750	509.32
54760	509.39
54770	509.41
54780	509.48
54790	509.45
54800	509.48
54810	509.62
54820	509.6
54830	509.59
54840	509.62
54850	509.71
54860	509.72
54870	509.74
54880	509.85
54890	509.9
54900	509.98
54910	510.08
54920	510.15
54930	510.21
54940	510.2
54950	510.26
54960	510.32
54970	510.39
54980	510.45
54990	510.46
55000	510.5
55010	510.54
55020	510.61
55030	510.63
55040	510.68
55050	510.65
55060	510.71
55070	510.69
55080	510.73
55090	510.83
55100	510.94
55110	510.96
55120	510.96
55130	511.03
55140	511.07
55150	511.07
55160	511.11
55170	511.12
55180	511.17
55190	511.23
55200	511.29
55210	511.31
55220	511.31
55230	511.38
55240	511.39
55250	511.39
55260	511.52
55270	511.53
55280	511.63
55290	511.76
55300	511.82
55310	511.95
55320	512.0
55330	512.09
55340	512.08
55350	512.06
55360	512.1
55370	512.14
55380	512.25
55390	512.22
55400	512.24
55410	512.33
55420	512.42
55430	512.49
55440	512.54
55450	512.54
55460	512.59
55470	512.57
55480	512.67
55490	512.74
55500	512.78
55510	512.83
55520	512.88
55530	513.0
55540	513.04
55550	513.15
55560	513.23
55570	513.26
55580	513.31
55590	513.35
55600	513.34
55610	513.44
55620	513.6
55630	513.65
55640	513.82
55650	513.84
55660	513.87
55670	514.0
55680	514.1
55690	514.19
55700	514.27
55710	514.41
55720	514.47
55730	514.5
55740	514.6
55750	514.7
55760	514.69
55770	514.77
55780	514.85
55790	514.94
55800	515.0
55810	514.97
55820	515.06
55830	515.13
55840	515.17
55850	515.27
55860	515.32
55870	515.35
55880	515.44
55890	515.47
55900	515.53
55910	515.58
55920	515.63
55930	515.7
55940	515.71
55950	515.81
55960	515.89
55970	515.9
55980	515.85
55990	515.9
56000	515.92
56010	515.98
56020	516.07
56030	516.05
56040	516.12
56050	516.21
56060	516.32
56070	516.32
56080	516.35
56090	516.37
56100	516.39
56110	516.41
56120	516.42
56130	516.48
56140	516.59
56150	516.63
56160	516.68
56170	516.76
56180	516.85
56190	516.82
56200	516.87
56210	516.92
56220	517.02
56230	517.11
56240	517.21
56250	517.29
56260	517.34
56270	517.44
56280	517.55
56290	517.69
56300	517.72
56310	517.8
56320	517.79
56330	517.83
56340	517.98
56350	518.12
56360	518.24
56370	518.27
56380	518.31
56390	518.4
56400	518.4
56410	518.33
56420	518.4
56430	518.52
56440	518.52
56450	518.52
56460	518.56
56470	518.62
56480	518.76
56490	518.71
56500	518.79
56510	518.79
56520	518.79
56530	518.87
56540	518.93
56550	518.99
56560	519.1
56570	519.11
56580	519.16
56590	519.26
56600	519.37
56610	519.4
56620	519.45
56630	519.5
56640	519.52
56650	519.56
56660	519.6
56670	519.65
56680	519.72
56690	519.73
56700	519.78
56710	519.84
56720	519.93
56730	520.01
56740	520.07
56750	520.14
56760	520.22
56770	520.21
56780	520.34
56790	520.42
56800	520.54
56810	520.61
56820	520.7
56830	520.79
56840	520.81
56850	520.82
56860	520.87
56870	521.0
56880	521.13
56890	521.2
56900	521.3
56910	521.39
56920	521.45
56930	521.48
56940	521.52
56950	521.56
56960	521.61
56970	521.59
56980	521.67
56990	521.79
57000	521.84
57010	521.93
57020	521.95
57030	522.02
57040	522.05
57050	522.12
57060	522.23
57070	522.26
57080	522.24
57090	522.34
57100	522.33
57110	522.35
57120	522.35
57130	522.45
57140	522.47
57150	522.47
57160	522.58
57170	522.69
57180	522.8
57190	522.87
57200	522.87
57210	522.96
57220	523.12
57230	523.13
57240	523.21
57250	523.3
57260	523.36
57270	523.38
57280	523.51
57290	523.5
57300	523.64
57310	523.62
57320	523.69
57330	523.75
57340	523.82
57350	523.9
57360	523.93
57370	523.96
57380	524.04
57390	524.16
57400	524.25
57410	524.36
57420	524.39
57430	524.53
57440	524.6
57450	524.62
57460	524.68
57470	524.69
57480	524.76
57490	524.8
57500	524.85
57510	524.91
57520	525.0
57530	525.09
57540	525.21
57550	525.29
57560	525.33
57570	525.37
57580	525.4
57590	525.47
57600	525.54
57610	525.59
57620	525.59
57630	525.64
57640	525.65
57650	525.76
57660	525.84
57670	525.95
57680	526.1
57690	526.23
57700	526.28
57710	526.37
57720	526.46
57730	526.54
57740	526.62
57750	526.76
57760	526.78
57770	526.91
57780	527.09
57790	527.14
57800	527.24
57810	527.3
57820	527.34
57830	527.38
57840	527.46
57850	527.6
57860	527.74
57870	527.76
57880	527.81
57890	527.84
57900	527.82
57910	527.87
57920	527.93
57930	528.04
57940	528.1
57950	528.2
57960	528.38
57970	528.43
57980	528.5
57990	528.5
58000	528.56
58010	528.68
58020	528.75
58030	528.85
58040	528.82
58050	528.95
58060	528.99
58070	529.06
58080	529.17
58090	529.28
58100	529.35
58110	529.47
58120	529.57
58130	529.63
58140	529.79
58150	529.8
58160	529.84
58170	529.9
58180	529.97
58190	529.98
58200	530.07
58210	530.08
58220	530.22
58230	530.29
58240	530.34
58250	530.37
58260	530.4
58270	530.5
58280	530.61
58290	530.61
58300	530.62
58310	530.66
58320	530.74
58330	530.82
58340	530.95
58350	531.06
58360	531.1
58370	531.2
58380	531.25
58390	531.34
58400	531.39
58410	531.46
58420	531.52
58430	531.6
58440	531.67
58450	531.72
58460	531.76
58470	531.85
58480	531.86
58490	531.86
58500	531.93
58510	532.02
58520	532.01
58530	532.04
58540	532.05
58550	532.17
58560	532.2
58570	532.3
58580	532.32
58590	532.36
58600	532.42
58610	532.5
58620	532.56
58630	532.63
58640	532.69
58650	532.71
58660	532.79
58670	532.92
58680	532.98
58690	532.97
58700	532.99
58710	533.05
58720	533.14
58730	533.16
58740	533.21
58750	533.21
58760	533.17
58770	533.27
58780	533.29
58790	533.36
58800	533.39
58810	533.52
58820	533.56
58830	533.64
58840	533.67
58850	533.69
58860	533.69
58870	533.73
58880	533.78
58890	533.78
58900	533.8
58910	533.84
58920	533.84
58930	533.88
58940	534.04
58950	534.04
58960	534.08
58970	534.14
58980	534.11
58990	534.19
59000	534.32
59010	534.43
59020	534.58
59030	534.63
59040	534.59
59050	534.69
59060	534.82
59070	534.91
59080	534.9
59090	534.95
59100	535.09
59110	535.15
59120	535.28
59130	535.44
59140	535.47
59150	535.57
59160	535.67
59170	535.77
59180	535.81
59190	535.83
59200	535.95
59210	535.95
59220	536.01
59230	536.07
59240	536.16
59250	536.26
59260	536.37
59270	536.36
59280	536.37
59290	536.4
59300	536.37
59310	536.46
59320	536.56
59330	536.66
59340	536.7
59350	536.73
59360	536.8
59370	536.9
59380	536.94
59390	537.02
59400	537.07
59410	537.07
59420	537.17
59430	537.18
59440	537.21
59450	537.24
59460	537.29
59470	537.35
59480	537.47
59490	537.53
59500	537.68
59510	537.73
59520	537.71
59530	537.78
59540	537.82
59550	537.9
59560	537.97
59570	538.02
59580	538.1
59590	538.17
59600	538.19
59610	538.25
59620	538.31
59630	538.35
59640	538.45
59650	538.5
59660	538.61
59670	538.68
59680	538.84
59690	538.86
59700	538.96
59710	538.95
59720	539.02
59730	539.06
59740	539.08
59750	539.19
59760	539.19
59770	539.24
59780	539.27
59790	539.33
59800	539.4
59810	539.42
59820	539.51
59830	539.52
59840	539.59
59850	539.68
59860	539.74
59870	539.82
59880	539.81
59890	539.8
59900	539.73
59910	539.71
59920	539.8
59930	539.82
59940	539.76
59950	539.75
59960	539.82
59970	539.85
59980	539.96
59990	539.99
60000	540.06
