10	0.48
20	0.78
30	0.93
40	1.18
50	1.66
60	1.99
70	2.19
80	2.66
90	2.96
100	3.32
110	3.76
120	4.21
130	4.51
140	4.88
150	5.21
160	5.39
170	5.78
180	6.26
190	6.66
200	7.03
210	7.38
220	7.68
230	8.2
240	8.45
250	8.8
260	9.27
270	9.57
280	9.96
290	10.33
300	10.66
310	11.22
320	11.57
330	12.0
340	12.45
350	12.85
360	13.27
370	13.84
380	14.23
390	14.83
400	14.88
410	14.88
420	15.21
430	15.48
440	15.89
450	16.07
460	16.56
470	17.04
480	17.28
490	17.7
500	17.99
510	18.44
520	18.73
530	19.08
540	19.56
550	19.78
560	20.32
570	20.8
580	21.2
590	21.45
600	21.83
610	22.07
620	22.28
630	22.6
640	22.79
650	23.09
660	23.3
670	23.69
680	24.11
690	24.41
700	24.86
710	25.31
720	25.51
730	26.0
740	26.63
750	26.97
760	27.59
770	28.01
780	28.48
790	28.87
800	29.45
810	29.84
820	30.17
830	30.6
840	31.18
850	31.58
860	32.23
870	32.86
880	33.17
890	33.58
900	33.82
910	34.46
920	34.86
930	35.29
940	35.45
950	35.57
960	36.01
970	36.44
980	36.64
990	36.88
1000	37.44
1010	37.93
1020	38.32
1030	38.76
1040	39.2
1050	39.81
1060	40.32
1070	40.71
1080	41.03
1090	41.42
1100	41.87
1110	42.24
1120	42.79
1130	42.98
1140	42.98
1150	42.98
1160	42.98
1170	43.27
1180	43.61
1190	44.09
1200	44.53
1210	44.74
1220	45.16
1230	45.44
1240	45.8
1250	46.32
1260	46.67
1270	47.09
1280	47.6
1290	48.11
1300	48.48
1310	48.78
1320	49.35
1330	49.82
1340	50.12
1350	50.56
1360	50.87
1370	51.18
1380	51.64
1390	52.16
1400	52.62
1410	53.14
1420	53.62
1430	53.92
1440	54.32
1450	54.88
1460	55.18
1470	55.63
1480	56.24
1490	56.62
1500	57.01
1510	57.25
1520	57.74
1530	58.1
1540	58.62
1550	59.11
1560	59.51
1570	59.75
1580	60.16
1590	60.87
1600	61.39
1610	61.86
1620	62.13
1630	62.4
1640	62.89
1650	63.46
1660	63.93
1670	64.19
1680	64.7
1690	65.09
1700	65.44
1710	65.72
1720	66.2
1730	66.82
1740	67.18
1750	67.52
1760	67.83
1770	68.16
1780	68.44
1790	68.73
1800	69.31
1810	69.87
1820	70.17
1830	70.5
1840	70.92
1850	71.43
1860	71.65
1870	72.18
1880	72.56
1890	73.02
1900	73.45
1910	73.74
1920	74.18
1930	74.47
1940	74.71
1950	75.13
1960	75.48
1970	75.76
1980	76.08
1990	76.32
2000	76.68
2010	77.12
2020	77.66
2030	78.08
2040	78.37
2050	78.91
2060	79.25
2070	79.82
2080	80.21
2090	80.89
2100	81.23
2110	81.65
2120	82.08
2130	82.56
2140	82.91
2150	83.33
2160	83.77
2170	84.17
2180	84.64
2190	85.07
2200	85.35
2210	85.88
2220	86.27
2230	86.52
2240	86.92
2250	87.29
2260	87.75
2270	88.18
2280	88.53
2290	89.06
2300	89.2
2310	89.62
2320	89.92
2330	90.15
2340	90.48
2350	90.67
2360	91.05
2370	91.08
2380	91.08
2390	91.08
2400	91.08
2410	91.08
2420	91.08
2430	91.15
2440	91.63
2450	91.97
2460	92.42
2470	92.73
2480	93.25
2490	93.59
2500	94.06
2510	94.44
2520	94.91
2530	95.41
2540	95.55
2550	96.04
2560	96.14
2570	96.44
2580	96.82
2590	97.3
2600	97.69
2610	98.05
2620	98.4
2630	98.82
2640	99.2
2650	99.53
2660	100.15
2670	100.59
2680	100.84
2690	101.4
2700	101.65
2710	102.04
2720	102.46
2730	103.06
2740	103.3
2750	103.74
2760	104.11
2770	104.06
2780	104.46
2790	104.69
2800	105.26
2810	105.74
2820	106.26
2830	106.66
2840	106.98
2850	107.4
2860	107.72
2870	108.25
2880	108.49
2890	109.03
2900	109.42
2910	109.94
2920	110.45
2930	110.9
2940	111.5
2950	111.7
2960	112.23
2970	112.53
2980	112.92
2990	113.17
3000	113.92
3010	114.24
3020	114.74
3030	115.2
3040	115.66
3050	116.14
3060	116.44
3070	116.87
3080	117.21
3090	117.57
3100	117.97
3110	118.41
3120	118.81
3130	119.27
3140	119.61
3150	119.98
3160	120.41
3170	120.83
3180	121.18
3190	121.62
3200	122.07
3210	122.43
3220	122.69
3230	123.3
3240	123.53
3250	123.88
3260	124.18
3270	124.3
3280	124.75
3290	125.11
3300	125.46
3310	125.75
3320	126.13
3330	126.32
3340	126.69
3350	127.19
3360	127.55
3370	127.79
3380	128.03
3390	128.29
3400	128.76
3410	129.19
3420	129.65
3430	129.9
3440	130.17
3450	130.64
3460	131.02
3470	131.39
3480	131.88
3490	132.38
3500	132.98
3510	133.47
3520	133.91
3530	134.34
3540	134.54
3550	134.8
3560	135.26
3570	135.75
3580	135.84
3590	136.12
3600	136.43
3610	136.76
3620	137.04
3630	137.56
3640	138.14
3650	138.57
3660	139.12
3670	139.5
3680	139.62
3690	140.05
3700	140.56
3710	140.82
3720	141.09
3730	141.41
3740	141.85
3750	142.35
3760	142.85
3770	143.02
3780	143.27
3790	143.73
3800	144.15
3810	144.61
3820	144.79
3830	145.2
3840	145.54
3850	145.9
3860	146.26
3870	146.6
3880	146.9
3890	147.17
3900	147.61
3910	147.91
3920	148.5
3930	149.07
3940	149.38
3950	149.72
3960	149.9
3970	150.22
3980	150.74
3990	151.22
4000	151.7
4010	152.0
4020	152.55
4030	152.9
4040	153.29
4050	153.46
4060	153.95
4070	154.39
4080	154.69
4090	155.0
4100	155.5
4110	155.85
4120	156.07
4130	156.59
4140	156.84
4150	157.35
4160	157.82
4170	158.04
4180	158.46
4190	158.8
4200	159.11
4210	159.45
4220	160.04
4230	160.38
4240	160.62
4250	161.25
4260	161.56
4270	162.1
4280	162.54
4290	162.99
4300	163.33
4310	163.87
4320	164.21
4330	164.63
4340	165.0
4350	165.27
4360	165.7
4370	166.09
4380	166.44
4390	166.61
4400	166.97
4410	167.44
4420	167.7
4430	167.91
4440	168.02
4450	168.05
4460	168.12
4470	168.09
4480	168.17
4490	168.2
4500	168.31
4510	168.44
4520	168.49
4530	168.56
4540	168.68
4550	168.86
4560	169.32
4570	169.85
4580	170.52
4590	170.89
4600	171.29
4610	171.77
4620	172.06
4630	172.23
4640	172.45
4650	172.89
4660	173.31
4670	173.68
4680	173.92
4690	174.35
4700	174.51
4710	174.89
4720	175.59
4730	175.88
4740	176.24
4750	176.7
4760	177.25
4770	177.41
4780	177.77
4790	178.06
4800	178.46
4810	178.96
4820	179.18
4830	179.66
4840	180.06
4850	180.29
4860	180.64
4870	181.1
4880	181.56
4890	181.99
4900	182.41
4910	182.94
4920	183.23
4930	183.66
4940	184.17
4950	184.55
4960	184.84
4970	185.15
4980	185.44
4990	185.98
5000	186.45
5010	186.65
5020	186.95
5030	187.18
5040	187.65
5050	188.05
5060	188.47
5070	188.87
5080	189.33
5090	189.41
5100	189.68
5110	190.02
5120	190.58
5130	191.0
5140	191.37
5150	191.72
5160	192.01
5170	192.42
5180	192.52
5190	192.7
5200	192.96
5210	193.23
5220	193.56
5230	193.88
5240	194.38
5250	194.77
5260	195.14
5270	195.64
5280	196.04
5290	196.46
5300	196.78
5310	196.95
5320	197.23
5330	197.64
5340	197.95
5350	198.47
5360	198.9
5370	199.36
5380	199.77
5390	200.28
5400	200.54
5410	200.91
5420	201.36
5430	201.75
5440	202.11
5450	202.5
5460	203.04
5470	203.42
5480	203.83
5490	204.07
5500	204.43
5510	204.81
5520	205.09
5530	205.27
5540	205.58
5550	205.88
5560	206.18
5570	206.44
5580	206.75
5590	207.02
5600	207.2
5610	207.57
5620	207.85
5630	208.17
5640	208.36
5650	208.66
5660	208.88
5670	209.12
5680	209.36
5690	209.64
5700	210.09
5710	210.3
5720	210.4
5730	210.83
5740	211.11
5750	211.36
5760	211.49
5770	211.75
5780	212.01
5790	212.38
5800	212.84
5810	213.13
5820	213.32
5830	213.61
5840	213.72
5850	213.95
5860	214.15
5870	214.35
5880	214.68
5890	214.83
5900	215.14
5910	215.4
5920	215.76
5930	216.13
5940	216.44
5950	216.69
5960	217.01
5970	217.19
5980	217.35
5990	217.54
6000	217.9
6010	218.13
6020	218.28
6030	218.49
6040	218.68
6050	218.89
6060	219.22
6070	219.5
6080	219.74
6090	219.94
6100	220.36
6110	220.64
6120	220.8
6130	221.02
6140	221.3
6150	221.49
6160	221.68
6170	222.08
6180	222.32
6190	222.63
6200	223.02
6210	223.2
6220	223.5
6230	223.75
6240	223.94
6250	224.17
6260	224.39
6270	224.69
6280	224.86
6290	225.24
6300	225.52
6310	225.69
6320	225.86
6330	226.1
6340	226.31
6350	226.28
6360	226.56
6370	226.76
6380	226.86
6390	226.96
6400	227.01
6410	227.36
6420	227.49
6430	227.67
6440	227.9
6450	228.05
6460	228.23
6470	228.32
6480	228.48
6490	228.62
6500	228.74
6510	228.86
6520	228.86
6530	229.04
6540	229.31
6550	229.49
6560	229.71
6570	229.79
6580	230.02
6590	230.21
6600	230.26
6610	230.37
6620	230.47
6630	230.63
6640	230.7
6650	230.89
6660	231.06
6670	231.21
6680	231.36
6690	231.49
6700	231.59
6710	231.66
6720	231.83
6730	232.03
6740	232.14
6750	232.36
6760	232.61
6770	232.84
6780	233.0
6790	233.08
6800	233.26
6810	233.5
6820	233.53
6830	233.62
6840	233.88
6850	234.05
6860	234.19
6870	234.39
6880	234.46
6890	234.5
6900	234.6
6910	234.87
6920	234.99
6930	235.24
6940	235.46
6950	235.45
6960	235.58
6970	235.71
6980	235.79
6990	235.99
7000	235.97
7010	236.09
7020	236.21
7030	236.29
7040	236.49
7050	236.6
7060	236.73
7070	236.78
7080	236.83
7090	236.94
7100	237.11
7110	237.22
7120	237.2
7130	237.28
7140	237.38
7150	237.51
7160	237.57
7170	237.79
7180	237.97
7190	237.99
7200	238.13
7210	238.25
7220	238.3
7230	238.37
7240	238.37
7250	238.44
7260	238.44
7270	238.51
7280	238.53
7290	238.6
7300	238.63
7310	238.65
7320	238.67
7330	238.79
7340	238.89
7350	238.88
7360	238.87
7370	238.96
7380	239.0
7390	239.01
7400	238.99
7410	238.96
7420	239.07
7430	239.04
7440	239.04
7450	239.08
7460	239.18
7470	239.26
7480	239.29
7490	239.31
7500	239.37
7510	239.3
7520	239.34
7530	239.41
7540	239.45
7550	239.54
7560	239.61
7570	239.58
7580	239.69
7590	239.72
7600	239.75
7610	239.78
7620	239.81
7630	239.91
7640	239.94
7650	240.04
7660	240.13
7670	240.18
7680	240.25
7690	240.26
7700	240.31
7710	240.32
7720	240.35
7730	240.36
7740	240.41
7750	240.43
7760	240.4
7770	240.44
7780	240.47
7790	240.55
7800	240.55
7810	240.59
7820	240.65
7830	240.62
7840	240.65
7850	240.64
7860	240.68
7870	240.69
7880	240.75
7890	240.78
7900	240.79
7910	240.72
7920	240.75
7930	240.85
7940	240.86
7950	240.9
7960	240.92
7970	240.91
7980	240.94
7990	240.96
8000	240.97
8010	240.92
8020	240.99
8030	241.05
8040	241.06
8050	241.08
8060	241.11
8070	241.16
8080	241.16
8090	241.18
8100	241.22
8110	241.28
8120	241.28
8130	241.28
8140	241.29
8150	241.28
8160	241.3
8170	241.31
8180	241.34
8190	241.41
8200	241.45
8210	241.48
8220	241.52
8230	241.53
8240	241.55
8250	241.57
8260	241.59
8270	241.63
8280	241.61
8290	241.64
8300	241.65
8310	241.64
8320	241.7
8330	241.77
8340	241.77
8350	241.7
8360	241.72
8370	241.71
8380	241.75
8390	241.77
8400	241.78
8410	241.83
8420	241.83
8430	241.84
8440	241.88
8450	241.9
8460	241.92
8470	241.99
8480	241.99
8490	242.0
8500	242.03
8510	242.03
8520	242.05
8530	242.11
8540	242.12
8550	242.14
8560	242.15
8570	242.17
8580	242.18
8590	242.19
8600	242.22
8610	242.24
8620	242.22
8630	242.23
8640	242.2
8650	242.19
8660	242.22
8670	242.21
8680	242.21
8690	242.23
8700	242.24
8710	242.24
8720	242.3
8730	242.31
8740	242.35
8750	242.35
8760	242.38
8770	242.39
8780	242.44
8790	242.47
8800	242.48
8810	242.52
8820	242.55
8830	242.55
8840	242.55
8850	242.55
8860	242.53
8870	242.54
8880	242.56
8890	242.59
8900	242.58
8910	242.61
8920	242.61
8930	242.63
8940	242.64
8950	242.66
8960	242.68
8970	242.71
8980	242.75
8990	242.77
9000	242.8
9010	242.77
9020	242.76
9030	242.76
9040	242.8
9050	242.82
9060	242.82
9070	242.86
9080	242.89
9090	242.93
9100	242.93
9110	242.94
9120	242.95
9130	242.97
9140	243.02
9150	243.02
9160	243.03
9170	243.03
9180	243.06
9190	243.1
9200	243.1
9210	243.12
9220	243.1
9230	243.07
9240	243.08
9250	243.11
9260	243.12
9270	243.15
9280	243.16
9290	243.15
9300	243.13
9310	243.15
9320	243.16
9330	243.16
9340	243.17
9350	243.22
9360	243.18
9370	243.21
9380	243.19
9390	243.18
9400	243.21
9410	243.26
9420	243.27
9430	243.25
9440	243.28
9450	243.28
9460	243.31
9470	243.32
9480	243.33
9490	243.36
9500	243.42
9510	243.44
9520	243.44
9530	243.46
9540	243.49
9550	243.5
9560	243.51
9570	243.53
9580	243.55
9590	243.61
9600	243.65
9610	243.63
9620	243.66
9630	243.65
9640	243.66
9650	243.7
9660	243.76
9670	243.79
9680	243.8
9690	243.86
9700	243.89
9710	243.9
9720	243.95
9730	243.98
9740	243.97
9750	243.99
9760	243.98
9770	243.9
9780	243.94
9790	243.93
9800	243.94
9810	243.95
9820	244.0
9830	244.01
9840	244.03
9850	244.02
9860	244.04
9870	244.04
9880	244.05
9890	244.07
9900	244.1
9910	244.11
9920	244.11
9930	244.09
9940	244.08
9950	244.06
9960	244.09
9970	244.12
9980	244.15
9990	244.15
10000	244.18
10010	244.19
10020	244.18
10030	244.2
10040	244.22
10050	244.24
10060	244.26
10070	244.29
10080	244.29
10090	244.3
10100	244.34
10110	244.32
10120	244.37
10130	244.37
10140	244.4
10150	244.4
10160	244.42
10170	244.43
10180	244.44
10190	244.47
10200	244.51
10210	244.51
10220	244.53
10230	244.53
10240	244.52
10250	244.56
10260	244.61
10270	244.64
10280	244.67
10290	244.69
10300	244.68
10310	244.66
10320	244.68
10330	244.67
10340	244.68
10350	244.71
10360	244.74
10370	244.71
10380	244.72
10390	244.73
10400	244.69
10410	244.7
10420	244.71
10430	244.71
10440	244.7
10450	244.72
10460	244.76
10470	244.76
10480	244.79
10490	244.81
10500	244.81
10510	244.83
10520	244.85
10530	244.89
10540	244.92
10550	244.92
10560	244.91
10570	244.9
10580	244.89
10590	244.89
10600	244.91
10610	244.97
10620	244.95
10630	244.98
10640	245.01
10650	245.02
10660	245.01
10670	245.07
10680	245.08
10690	245.07
10700	245.06
10710	245.14
10720	245.18
10730	245.21
10740	245.22
10750	245.23
10760	245.24
10770	245.27
10780	245.26
10790	245.27
10800	245.28
10810	245.27
10820	245.3
10830	245.31
10840	245.27
10850	245.28
10860	245.32
10870	245.34
10880	245.34
10890	245.33
10900	245.32
10910	245.36
10920	245.41
10930	245.4
10940	245.42
10950	245.44
10960	245.41
10970	245.41
10980	245.46
10990	245.5
11000	245.49
11010	245.49
11020	245.48
11030	245.47
11040	245.49
11050	245.51
11060	245.51
11070	245.51
11080	245.52
11090	245.51
11100	245.51
11110	245.52
11120	245.52
11130	245.55
11140	245.54
11150	245.56
11160	245.58
11170	245.58
11180	245.57
11190	245.6
11200	245.6
11210	245.58
11220	245.58
11230	245.61
11240	245.69
11250	245.68
11260	245.68
11270	245.73
11280	245.77
11290	245.78
11300	245.77
11310	245.75
11320	245.79
11330	245.82
11340	245.84
11350	245.84
11360	245.85
11370	245.86
11380	245.9
11390	245.95
11400	245.93
11410	245.94
11420	245.96
11430	245.97
11440	245.99
11450	245.97
11460	245.96
11470	245.95
11480	245.97
11490	245.98
11500	246.01
11510	246.01
11520	245.98
11530	245.96
11540	245.98
11550	246.0
11560	246.0
11570	246.02
11580	246.05
11590	246.07
11600	246.07
11610	246.03
11620	246.05
11630	246.07
11640	246.08
11650	246.08
11660	246.07
11670	246.13
11680	246.13
11690	246.12
11700	246.16
11710	246.18
11720	246.2
11730	246.21
11740	246.23
11750	246.25
11760	246.21
11770	246.22
11780	246.24
11790	246.23
11800	246.24
11810	246.26
11820	246.3
11830	246.34
11840	246.36
11850	246.38
11860	246.37
11870	246.36
11880	246.37
11890	246.38
11900	246.37
11910	246.38
11920	246.39
11930	246.4
11940	246.42
11950	246.42
11960	246.46
11970	246.51
11980	246.51
11990	246.5
12000	246.56
12010	246.56
12020	246.57
12030	246.57
12040	246.6
12050	246.61
12060	246.57
12070	246.58
12080	246.6
12090	246.6
12100	246.6
12110	246.6
12120	246.6
12130	246.6
12140	246.62
12150	246.67
12160	246.71
12170	246.74
12180	246.78
12190	246.8
12200	246.77
12210	246.79
12220	246.82
12230	246.85
12240	246.88
12250	246.9
12260	246.91
12270	246.9
12280	246.92
12290	246.94
12300	246.95
12310	247.0
12320	247.02
12330	247.02
12340	247.02
12350	247.03
12360	247.05
12370	247.06
12380	247.06
12390	247.07
12400	247.06
12410	247.07
12420	247.09
12430	247.11
12440	247.13
12450	247.13
12460	247.11
12470	247.12
12480	247.12
12490	247.14
12500	247.14
12510	247.18
12520	247.19
12530	247.18
12540	247.19
12550	247.21
12560	247.2
12570	247.21
12580	247.25
12590	247.25
12600	247.23
12610	247.27
12620	247.27
12630	247.25
12640	247.25
12650	247.28
12660	247.29
12670	247.32
12680	247.33
12690	247.34
12700	247.35
12710	247.37
12720	247.41
12730	247.44
12740	247.45
12750	247.47
12760	247.48
12770	247.5
12780	247.5
12790	247.51
12800	247.49
12810	247.49
12820	247.49
12830	247.48
12840	247.51
12850	247.53
12860	247.54
12870	247.55
12880	247.56
12890	247.56
12900	247.55
12910	247.57
12920	247.57
12930	247.59
12940	247.65
12950	247.64
12960	247.64
12970	247.63
12980	247.66
12990	247.65
13000	247.68
13010	247.71
13020	247.78
13030	247.77
13040	247.78
13050	247.8
13060	247.82
13070	247.83
13080	247.84
13090	247.87
13100	247.88
13110	247.88
13120	247.9
13130	247.9
13140	247.89
13150	247.88
13160	247.89
13170	247.91
13180	247.9
13190	247.89
13200	247.88
13210	247.9
13220	247.91
13230	247.96
13240	247.98
13250	247.97
13260	247.99
13270	248.0
13280	247.99
13290	247.99
13300	248.01
13310	248.0
13320	247.95
13330	247.96
13340	247.96
13350	247.97
13360	247.95
13370	247.93
13380	247.98
13390	248.02
13400	248.03
13410	248.02
13420	248.04
13430	248.07
13440	248.04
13450	248.01
13460	248.01
13470	248.04
13480	248.08
13490	248.12
13500	248.13
13510	248.17
13520	248.19
13530	248.16
13540	248.16
13550	248.17
13560	248.19
13570	248.22
13580	248.24
13590	248.23
13600	248.27
13610	248.26
13620	248.27
13630	248.3
13640	248.29
13650	248.29
13660	248.31
13670	248.32
13680	248.35
13690	248.38
13700	248.4
13710	248.41
13720	248.41
13730	248.43
13740	248.43
13750	248.44
13760	248.45
13770	248.48
13780	248.5
13790	248.53
13800	248.58
13810	248.6
13820	248.66
13830	248.7
13840	248.71
13850	248.72
13860	248.71
13870	248.69
13880	248.7
13890	248.69
13900	248.71
13910	248.74
13920	248.73
13930	248.75
13940	248.72
13950	248.72
13960	248.71
13970	248.73
13980	248.75
13990	248.75
14000	248.75
14010	248.75
14020	248.75
14030	248.78
14040	248.76
14050	248.82
14060	248.85
14070	248.86
14080	248.87
14090	248.87
14100	248.86
14110	248.88
14120	248.89
14130	248.92
14140	248.89
14150	248.85
14160	248.88
14170	248.86
14180	248.84
14190	248.87
14200	248.89
14210	248.88
14220	248.88
14230	248.91
14240	248.91
14250	248.92
14260	248.94
14270	248.98
14280	248.99
14290	249.01
14300	249.01
14310	249.02
14320	249.04
14330	249.07
14340	249.1
14350	249.09
14360	249.11
14370	249.13
14380	249.1
14390	249.1
14400	249.1
14410	249.11
14420	249.13
14430	249.13
14440	249.11
14450	249.11
14460	249.12
14470	249.1
14480	249.12
14490	249.14
14500	249.15
14510	249.14
14520	249.14
14530	249.15
14540	249.14
14550	249.18
14560	249.19
14570	249.19
14580	249.16
14590	249.23
14600	249.27
14610	249.27
14620	249.28
14630	249.29
14640	249.29
14650	249.3
14660	249.33
14670	249.35
14680	249.35
14690	249.38
14700	249.39
14710	249.39
14720	249.38
14730	249.4
14740	249.42
14750	249.43
14760	249.44
14770	249.47
14780	249.47
14790	249.51
14800	249.5
14810	249.54
14820	249.55
14830	249.53
14840	249.52
14850	249.52
14860	249.52
14870	249.54
14880	249.58
14890	249.59
14900	249.61
14910	249.59
14920	249.57
14930	249.58
14940	249.56
14950	249.55
14960	249.56
14970	249.55
14980	249.58
14990	249.59
15000	249.62
15010	249.65
15020	249.7
15030	249.73
15040	249.76
15050	249.78
15060	249.78
15070	249.82
15080	249.83
15090	249.85
15100	249.84
15110	249.81
15120	249.86
15130	249.85
15140	249.84
15150	249.85
15160	249.87
15170	249.9
15180	249.88
15190	249.91
15200	249.89
15210	249.9
15220	249.89
15230	249.89
15240	249.92
15250	249.91
15260	249.9
15270	249.88
15280	249.92
15290	249.93
15300	249.95
15310	249.96
15320	250.0
15330	250.01
15340	250.03
15350	250.04
15360	250.08
15370	250.13
15380	250.15
15390	250.2
15400	250.19
15410	250.19
15420	250.19
15430	250.27
15440	250.32
15450	250.3
15460	250.31
15470	250.29
15480	250.32
15490	250.31
15500	250.29
15510	250.34
15520	250.36
15530	250.35
15540	250.4
15550	250.39
15560	250.41
15570	250.41
15580	250.44
15590	250.45
15600	250.45
15610	250.48
15620	250.49
15630	250.49
15640	250.49
15650	250.53
15660	250.52
15670	250.54
15680	250.59
15690	250.64
15700	250.67
15710	250.67
15720	250.69
15730	250.71
15740	250.76
15750	250.76
15760	250.76
15770	250.74
15780	250.77
15790	250.8
15800	250.81
15810	250.84
15820	250.82
15830	250.8
15840	250.84
15850	250.82
15860	250.81
15870	250.84
15880	250.83
15890	250.83
15900	250.82
15910	250.85
15920	250.84
15930	250.85
15940	250.86
15950	250.86
15960	250.87
15970	250.86
15980	250.88
15990	250.86
16000	250.87
16010	250.87
16020	250.91
16030	250.91
16040	250.94
16050	250.96
16060	251.01
16070	251.01
16080	251.01
16090	251.02
16100	251.05
16110	251.11
16120	251.08
16130	251.09
16140	251.12
16150	251.11
16160	251.12
16170	251.14
16180	251.16
16190	251.14
16200	251.17
16210	251.17
16220	251.16
16230	251.19
16240	251.2
16250	251.23
16260	251.28
16270	251.31
16280	251.29
16290	251.31
16300	251.33
16310	251.34
16320	251.36
16330	251.41
16340	251.43
16350	251.48
16360	251.51
16370	251.49
16380	251.52
16390	251.53
16400	251.59
16410	251.6
16420	251.6
16430	251.59
16440	251.59
16450	251.58
16460	251.6
16470	251.64
16480	251.66
16490	251.7
16500	251.73
16510	251.74
16520	251.77
16530	251.81
16540	251.82
16550	251.84
16560	251.85
16570	251.84
16580	251.84
16590	251.87
16600	251.87
16610	251.88
16620	251.88
16630	251.9
16640	251.88
16650	251.91
16660	251.91
16670	251.93
16680	251.93
16690	251.95
16700	251.93
16710	251.95
16720	251.92
16730	251.9
16740	251.91
16750	251.92
16760	251.94
16770	251.95
16780	251.97
16790	251.98
16800	252.02
16810	252.08
16820	252.1
16830	252.14
16840	252.16
16850	252.19
16860	252.21
16870	252.23
16880	252.21
16890	252.2
16900	252.23
16910	252.23
16920	252.24
16930	252.25
16940	252.25
16950	252.29
16960	252.29
16970	252.31
16980	252.34
16990	252.39
17000	252.38
17010	252.41
17020	252.4
17030	252.39
17040	252.37
17050	252.38
17060	252.42
17070	252.46
17080	252.45
17090	252.48
17100	252.49
17110	252.52
17120	252.56
17130	252.59
17140	252.57
17150	252.58
17160	252.59
17170	252.59
17180	252.6
17190	252.61
17200	252.66
17210	252.67
17220	252.7
17230	252.75
17240	252.73
17250	252.73
17260	252.74
17270	252.73
17280	252.74
17290	252.75
17300	252.79
17310	252.82
17320	252.81
17330	252.85
17340	252.85
17350	252.86
17360	252.91
17370	252.96
17380	252.94
17390	252.99
17400	253.0
17410	253.03
17420	253.04
17430	253.03
17440	253.03
17450	253.05
17460	253.07
17470	253.07
17480	253.06
17490	253.06
17500	253.1
17510	253.11
17520	253.1
17530	253.13
17540	253.15
17550	253.17
17560	253.21
17570	253.22
17580	253.23
17590	253.24
17600	253.27
17610	253.3
17620	253.34
17630	253.34
17640	253.38
17650	253.4
17660	253.37
17670	253.39
17680	253.4
17690	253.38
17700	253.41
17710	253.43
17720	253.45
17730	253.48
17740	253.5
17750	253.48
17760	253.47
17770	253.47
17780	253.46
17790	253.44
17800	253.46
17810	253.48
17820	253.48
17830	253.48
17840	253.53
17850	253.54
17860	253.56
17870	253.56
17880	253.54
17890	253.54
17900	253.54
17910	253.53
17920	253.54
17930	253.55
17940	253.57
17950	253.56
17960	253.59
17970	253.59
17980	253.57
17990	253.57
18000	253.59
18010	253.62
18020	253.68
18030	253.69
18040	253.71
18050	253.72
18060	253.73
18070	253.73
18080	253.74
18090	253.77
18100	253.78
18110	253.8
18120	253.8
18130	253.83
18140	253.83
18150	253.82
18160	253.83
18170	253.83
18180	253.83
18190	253.84
18200	253.83
18210	253.86
18220	253.9
18230	253.94
18240	253.95
18250	253.95
18260	253.99
18270	253.98
18280	254.02
18290	254.07
18300	254.1
18310	254.07
18320	254.1
18330	254.12
18340	254.13
18350	254.13
18360	254.15
18370	254.15
18380	254.15
18390	254.15
18400	254.17
18410	254.2
18420	254.21
18430	254.24
18440	254.25
18450	254.24
18460	254.25
18470	254.29
18480	254.32
18490	254.38
18500	254.37
18510	254.38
18520	254.39
18530	254.38
18540	254.38
18550	254.4
18560	254.39
18570	254.4
18580	254.44
18590	254.4
18600	254.42
18610	254.42
18620	254.44
18630	254.46
18640	254.46
18650	254.46
18660	254.42
18670	254.45
18680	254.45
18690	254.48
18700	254.5
18710	254.49
18720	254.47
18730	254.48
18740	254.49
18750	254.46
18760	254.46
18770	254.49
18780	254.52
18790	254.54
18800	254.55
18810	254.53
18820	254.52
18830	254.49
18840	254.49
18850	254.52
18860	254.52
18870	254.55
18880	254.61
18890	254.62
18900	254.64
18910	254.66
18920	254.68
18930	254.7
18940	254.75
18950	254.77
18960	254.8
18970	254.77
18980	254.82
18990	254.81
19000	254.85
19010	254.84
19020	254.85
19030	254.84
19040	254.85
19050	254.87
19060	254.85
19070	254.85
19080	254.87
19090	254.89
19100	254.95
19110	254.93
19120	254.98
19130	254.97
19140	255.0
19150	255.01
19160	255.01
19170	255.01
19180	255.03
19190	255.02
19200	255.02
19210	255.05
19220	255.07
19230	255.06
19240	255.06
19250	255.11
19260	255.17
19270	255.18
19280	255.22
19290	255.24
19300	255.3
19310	255.34
19320	255.35
19330	255.39
19340	255.44
19350	255.48
19360	255.45
19370	255.42
19380	255.39
19390	255.39
19400	255.41
19410	255.42
19420	255.41
19430	255.43
19440	255.45
19450	255.46
19460	255.46
19470	255.48
19480	255.51
19490	255.52
19500	255.54
19510	255.55
19520	255.55
19530	255.57
19540	255.53
19550	255.56
19560	255.59
19570	255.61
19580	255.63
19590	255.61
19600	255.59
19610	255.56
19620	255.56
19630	255.55
19640	255.58
19650	255.59
19660	255.57
19670	255.57
19680	255.57
19690	255.58
19700	255.59
19710	255.63
19720	255.66
19730	255.66
19740	255.66
19750	255.67
19760	255.69
19770	255.77
19780	255.76
19790	255.8
19800	255.8
19810	255.8
19820	255.8
19830	255.85
19840	255.86
19850	255.89
19860	255.88
19870	255.89
19880	255.92
19890	255.91
19900	255.95
19910	255.93
19920	255.96
19930	255.96
19940	255.98
19950	256.02
19960	256.07
19970	256.12
19980	256.16
19990	256.17
20000	256.23
20010	256.24
20020	256.27
20030	256.28
20040	256.3
20050	256.3
20060	256.33
20070	256.35
20080	256.34
20090	256.37
20100	256.42
20110	256.46
20120	256.48
20130	256.49
20140	256.51
20150	256.52
20160	256.48
20170	256.49
20180	256.51
20190	256.55
20200	256.58
20210	256.6
20220	256.57
20230	256.6
20240	256.58
20250	256.63
20260	256.6
20270	256.63
20280	256.63
20290	256.63
20300	256.65
20310	256.67
20320	256.7
20330	256.71
20340	256.73
20350	256.75
20360	256.78
20370	256.81
20380	256.84
20390	256.86
20400	256.89
20410	256.89
20420	256.93
20430	256.93
20440	256.94
20450	256.96
20460	256.98
20470	257.0
20480	257.01
20490	257.0
20500	256.99
20510	257.02
20520	257.03
20530	257.01
20540	257.03
20550	257.03
20560	257.05
20570	257.02
20580	257.02
20590	257.03
20600	257.07
20610	257.08
20620	257.07
20630	257.09
20640	257.12
20650	257.12
20660	257.14
20670	257.15
20680	257.16
20690	257.17
20700	257.15
20710	257.17
20720	257.16
20730	257.16
20740	257.15
20750	257.15
20760	257.14
20770	257.15
20780	257.15
20790	257.17
20800	257.22
20810	257.23
20820	257.23
20830	257.23
20840	257.27
20850	257.25
20860	257.23
20870	257.2
20880	257.21
20890	257.25
20900	257.28
20910	257.26
20920	257.26
20930	257.26
20940	257.26
20950	257.28
20960	257.31
20970	257.29
20980	257.29
20990	257.27
21000	257.27
21010	257.25
21020	257.28
21030	257.26
21040	257.29
21050	257.31
21060	257.3
21070	257.32
21080	257.35
21090	257.36
21100	257.37
21110	257.38
21120	257.38
21130	257.42
21140	257.39
21150	257.41
21160	257.46
21170	257.48
21180	257.5
21190	257.5
21200	257.51
21210	257.5
21220	257.5
21230	257.53
21240	257.57
21250	257.57
21260	257.59
21270	257.61
21280	257.6
21290	257.6
21300	257.6
21310	257.61
21320	257.6
21330	257.62
21340	257.62
21350	257.59
21360	257.6
21370	257.62
21380	257.62
21390	257.62
21400	257.63
21410	257.66
21420	257.69
21430	257.75
21440	257.75
21450	257.71
21460	257.72
21470	257.71
21480	257.74
21490	257.74
21500	257.78
21510	257.79
21520	257.8
21530	257.82
21540	257.84
21550	257.86
21560	257.85
21570	257.86
21580	257.87
21590	257.88
21600	257.91
21610	257.94
21620	257.96
21630	257.96
21640	257.98
21650	257.97
21660	257.96
21670	257.95
21680	257.99
21690	258.02
21700	258.05
21710	258.04
21720	258.09
21730	258.06
21740	258.08
21750	258.09
21760	258.13
21770	258.14
21780	258.14
21790	258.17
21800	258.21
21810	258.24
21820	258.21
21830	258.2
21840	258.22
21850	258.22
21860	258.27
21870	258.27
21880	258.28
21890	258.31
21900	258.3
21910	258.31
21920	258.34
21930	258.36
21940	258.42
21950	258.43
21960	258.44
21970	258.46
21980	258.47
21990	258.47
22000	258.52
22010	258.56
22020	258.53
22030	258.55
22040	258.57
22050	258.59
22060	258.63
22070	258.64
22080	258.68
22090	258.68
22100	258.68
22110	258.71
22120	258.72
22130	258.7
22140	258.7
22150	258.72
22160	258.73
22170	258.75
22180	258.74
22190	258.79
22200	258.79
22210	258.85
22220	258.89
22230	258.9
22240	258.93
22250	258.98
22260	258.98
22270	259.01
22280	259.02
22290	259.03
22300	259.06
22310	259.08
22320	259.11
22330	259.13
22340	259.09
22350	259.12
22360	259.09
22370	259.1
22380	259.13
22390	259.13
22400	259.18
22410	259.2
22420	259.24
22430	259.24
22440	259.22
22450	259.23
22460	259.26
22470	259.3
22480	259.32
22490	259.34
22500	259.34
22510	259.36
22520	259.39
22530	259.4
22540	259.44
22550	259.43
22560	259.46
22570	259.47
22580	259.48
22590	259.52
22600	259.52
22610	259.53
22620	259.51
22630	259.52
22640	259.51
22650	259.5
22660	259.53
22670	259.51
22680	259.53
22690	259.56
22700	259.58
22710	259.58
22720	259.57
22730	259.58
22740	259.63
22750	259.66
22760	259.68
22770	259.7
22780	259.72
22790	259.75
22800	259.79
22810	259.78
22820	259.8
22830	259.81
22840	259.84
22850	259.87
22860	259.89
22870	259.91
22880	259.94
22890	259.95
22900	259.94
22910	259.93
22920	259.92
22930	259.95
22940	259.96
22950	259.97
22960	259.97
22970	260.01
22980	260.05
22990	260.09
23000	260.08
23010	260.08
23020	260.13
23030	260.1
23040	260.1
23050	260.15
23060	260.14
23070	260.18
23080	260.19
23090	260.19
23100	260.21
23110	260.18
23120	260.19
23130	260.22
23140	260.25
23150	260.31
23160	260.35
23170	260.39
23180	260.4
23190	260.41
23200	260.44
23210	260.46
23220	260.51
23230	260.52
23240	260.52
23250	260.53
23260	260.56
23270	260.57
23280	260.57
23290	260.55
23300	260.53
23310	260.53
23320	260.56
23330	260.56
23340	260.6
23350	260.56
23360	260.53
23370	260.51
23380	260.47
23390	260.51
23400	260.54
23410	260.52
23420	260.56
23430	260.56
23440	260.57
23450	260.6
23460	260.61
23470	260.63
23480	260.65
23490	260.65
23500	260.66
23510	260.67
23520	260.67
23530	260.7
23540	260.68
23550	260.66
23560	260.69
23570	260.7
23580	260.72
23590	260.7
23600	260.7
23610	260.68
23620	260.7
23630	260.67
23640	260.68
23650	260.73
23660	260.75
23670	260.74
23680	260.76
23690	260.77
23700	260.78
23710	260.79
23720	260.79
23730	260.77
23740	260.77
23750	260.77
23760	260.79
23770	260.87
23780	260.85
23790	260.87
23800	260.86
23810	260.9
23820	260.9
23830	260.89
23840	260.9
23850	260.95
23860	260.96
23870	260.97
23880	260.98
23890	261.0
23900	261.06
23910	261.09
23920	261.12
23930	261.15
23940	261.15
23950	261.17
23960	261.19
23970	261.19
23980	261.21
23990	261.23
24000	261.27
24010	261.29
24020	261.29
24030	261.31
24040	261.31
24050	261.29
24060	261.28
24070	261.33
24080	261.36
24090	261.37
24100	261.38
24110	261.43
24120	261.43
24130	261.48
24140	261.5
24150	261.47
24160	261.47
24170	261.49
24180	261.5
24190	261.51
24200	261.51
24210	261.56
24220	261.56
24230	261.58
24240	261.58
24250	261.58
24260	261.56
24270	261.56
24280	261.52
24290	261.51
24300	261.52
24310	261.56
24320	261.58
24330	261.58
24340	261.59
24350	261.61
24360	261.62
24370	261.64
24380	261.65
24390	261.69
24400	261.75
24410	261.76
24420	261.78
24430	261.82
24440	261.86
24450	261.89
24460	261.89
24470	261.91
24480	261.92
24490	261.93
24500	261.96
24510	261.99
24520	261.97
24530	262.02
24540	262.08
24550	262.11
24560	262.14
24570	262.14
24580	262.15
24590	262.16
24600	262.21
24610	262.23
24620	262.27
24630	262.31
24640	262.35
24650	262.36
24660	262.37
24670	262.41
24680	262.43
24690	262.43
24700	262.45
24710	262.53
24720	262.5
24730	262.51
24740	262.48
24750	262.51
24760	262.51
24770	262.53
24780	262.53
24790	262.52
24800	262.54
24810	262.56
24820	262.55
24830	262.53
24840	262.55
24850	262.58
24860	262.6
24870	262.6
24880	262.6
24890	262.64
24900	262.65
24910	262.62
24920	262.64
24930	262.64
24940	262.68
24950	262.71
24960	262.75
24970	262.76
24980	262.73
24990	262.75
25000	262.77
25010	262.75
25020	262.76
25030	262.75
25040	262.75
25050	262.76
25060	262.79
25070	262.78
25080	262.83
25090	262.82
25100	262.82
25110	262.85
25120	262.87
25130	262.85
25140	262.9
25150	262.89
25160	262.9
25170	262.96
25180	262.97
25190	262.97
25200	262.99
25210	263.01
25220	263.03
25230	263.01
25240	263.05
25250	263.08
25260	263.1
25270	263.12
25280	263.13
25290	263.13
25300	263.12
25310	263.11
25320	263.12
25330	263.14
25340	263.16
25350	263.16
25360	263.2
25370	263.19
25380	263.23
25390	263.22
25400	263.23
25410	263.26
25420	263.25
25430	263.25
25440	263.28
25450	263.29
25460	263.31
25470	263.33
25480	263.31
25490	263.33
25500	263.36
25510	263.39
25520	263.42
25530	263.39
25540	263.4
25550	263.44
25560	263.45
25570	263.44
25580	263.47
25590	263.48
25600	263.49
25610	263.5
25620	263.53
25630	263.57
25640	263.55
25650	263.56
25660	263.59
25670	263.64
25680	263.63
25690	263.63
25700	263.62
25710	263.62
25720	263.61
25730	263.62
25740	263.67
25750	263.68
25760	263.71
25770	263.72
25780	263.77
25790	263.77
25800	263.78
25810	263.78
25820	263.79
25830	263.76
25840	263.76
25850	263.75
25860	263.78
25870	263.82
25880	263.83
25890	263.82
25900	263.84
25910	263.9
25920	263.95
25930	263.97
25940	263.99
25950	263.98
25960	264.01
25970	264.04
25980	264.03
25990	264.05
26000	264.06
26010	264.08
26020	264.08
26030	264.05
26040	264.04
26050	264.02
26060	264.09
26070	264.12
26080	264.12
26090	264.12
26100	264.14
26110	264.17
26120	264.17
26130	264.16
26140	264.18
26150	264.17
26160	264.15
26170	264.15
26180	264.17
26190	264.21
26200	264.19
26210	264.19
26220	264.18
26230	264.16
26240	264.15
26250	264.16
26260	264.16
26270	264.19
26280	264.22
26290	264.27
26300	264.29
26310	264.3
26320	264.27
26330	264.26
26340	264.25
26350	264.28
26360	264.32
26370	264.36
26380	264.41
26390	264.43
26400	264.42
26410	264.44
26420	264.46
26430	264.45
26440	264.45
26450	264.44
26460	264.47
26470	264.49
26480	264.51
26490	264.49
26500	264.51
26510	264.5
26520	264.5
26530	264.52
26540	264.51
26550	264.49
26560	264.48
26570	264.46
26580	264.44
26590	264.43
26600	264.45
26610	264.49
26620	264.52
26630	264.55
26640	264.59
26650	264.62
26660	264.59
26670	264.6
26680	264.6
26690	264.59
26700	264.63
26710	264.62
26720	264.64
26730	264.66
26740	264.67
26750	264.7
26760	264.71
26770	264.76
26780	264.79
26790	264.77
26800	264.79
26810	264.79
26820	264.81
26830	264.84
26840	264.82
26850	264.81
26860	264.81
26870	264.82
26880	264.83
26890	264.82
26900	264.82
26910	264.88
26920	264.88
26930	264.85
26940	264.86
26950	264.86
26960	264.88
26970	264.9
26980	264.9
26990	264.94
27000	264.98
27010	265.0
27020	265.02
27030	265.03
27040	265.07
27050	265.07
27060	265.07
27070	265.1
27080	265.1
27090	265.14
27100	265.2
27110	265.23
27120	265.21
27130	265.21
27140	265.23
27150	265.27
27160	265.27
27170	265.25
27180	265.28
27190	265.31
27200	265.32
27210	265.4
27220	265.4
27230	265.39
27240	265.4
27250	265.45
27260	265.49
27270	265.5
27280	265.5
27290	265.48
27300	265.48
27310	265.47
27320	265.53
27330	265.57
27340	265.6
27350	265.63
27360	265.63
27370	265.62
27380	265.66
27390	265.66
27400	265.68
27410	265.71
27420	265.7
27430	265.68
27440	265.72
27450	265.76
27460	265.78
27470	265.82
27480	265.85
27490	265.84
27500	265.87
27510	265.88
27520	265.9
27530	265.92
27540	265.94
27550	265.93
27560	265.96
27570	265.97
27580	265.98
27590	265.99
27600	266.05
27610	266.08
27620	266.08
27630	266.12
27640	266.14
27650	266.13
27660	266.17
27670	266.15
27680	266.21
27690	266.2
27700	266.19
27710	266.19
27720	266.18
27730	266.19
27740	266.23
27750	266.25
27760	266.28
27770	266.28
27780	266.33
27790	266.36
27800	266.33
27810	266.38
27820	266.43
27830	266.45
27840	266.48
27850	266.49
27860	266.52
27870	266.5
27880	266.5
27890	266.53
27900	266.54
27910	266.53
27920	266.54
27930	266.55
27940	266.6
27950	266.62
27960	266.64
27970	266.63
27980	266.65
27990	266.69
28000	266.7
28010	266.74
28020	266.74
28030	266.73
28040	266.78
28050	266.78
28060	266.8
28070	266.81
28080	266.79
28090	266.79
28100	266.79
28110	266.78
28120	266.78
28130	266.8
28140	266.82
28150	266.83
28160	266.84
28170	266.87
28180	266.89
28190	266.91
28200	266.88
28210	266.88
28220	266.89
28230	266.88
28240	266.87
28250	266.88
28260	266.85
28270	266.83
28280	266.86
28290	266.88
28300	266.9
28310	266.89
28320	266.9
28330	266.92
28340	266.92
28350	266.88
28360	266.89
28370	266.92
28380	266.95
28390	266.95
28400	266.94
28410	266.97
28420	267.0
28430	267.01
28440	267.04
28450	267.03
28460	267.04
28470	267.03
28480	267.04
28490	267.07
28500	267.1
28510	267.13
28520	267.11
28530	267.09
28540	267.12
28550	267.12
28560	267.15
28570	267.18
28580	267.18
28590	267.21
28600	267.23
28610	267.25
28620	267.21
28630	267.23
28640	267.27
28650	267.28
28660	267.31
28670	267.31
28680	267.3
28690	267.34
28700	267.37
28710	267.38
28720	267.38
28730	267.43
28740	267.42
28750	267.46
28760	267.47
28770	267.49
28780	267.49
28790	267.51
28800	267.5
28810	267.52
28820	267.52
28830	267.52
28840	267.53
28850	267.53
28860	267.53
28870	267.58
28880	267.58
28890	267.6
28900	267.64
28910	267.65
28920	267.63
28930	267.6
28940	267.58
28950	267.6
28960	267.63
28970	267.63
28980	267.62
28990	267.63
29000	267.67
29010	267.69
29020	267.71
29030	267.7
29040	267.72
29050	267.71
29060	267.73
29070	267.73
29080	267.74
29090	267.74
29100	267.75
29110	267.76
29120	267.78
29130	267.79
29140	267.78
29150	267.83
29160	267.84
29170	267.83
29180	267.84
29190	267.83
29200	267.82
29210	267.82
29220	267.84
29230	267.86
29240	267.87
29250	267.86
29260	267.84
29270	267.85
29280	267.85
29290	267.85
29300	267.86
29310	267.82
29320	267.8
29330	267.77
29340	267.84
29350	267.8
29360	267.8
29370	267.82
29380	267.83
29390	267.81
29400	267.86
29410	267.83
29420	267.85
29430	267.86
29440	267.89
29450	267.89
29460	267.87
29470	267.89
29480	267.93
29490	267.93
29500	267.93
29510	267.93
29520	267.91
29530	267.93
29540	267.94
29550	267.99
29560	268.0
29570	267.98
29580	268.0
29590	268.03
29600	268.05
29610	268.09
29620	268.1
29630	268.1
29640	268.1
29650	268.14
29660	268.17
29670	268.19
29680	268.19
29690	268.21
29700	268.23
29710	268.24
29720	268.27
29730	268.27
29740	268.31
29750	268.32
29760	268.35
29770	268.34
29780	268.36
29790	268.39
29800	268.41
29810	268.41
29820	268.4
29830	268.41
29840	268.41
29850	268.41
29860	268.43
29870	268.44
29880	268.44
29890	268.45
29900	268.44
29910	268.46
29920	268.47
29930	268.45
29940	268.45
29950	268.47
29960	268.48
29970	268.51
29980	268.5
29990	268.51
30000	268.48
30010	268.49
30020	268.52
30030	268.52
30040	268.57
30050	268.58
30060	268.59
30070	268.62
30080	268.62
30090	268.65
30100	268.71
30110	268.7
30120	268.71
30130	268.74
30140	268.74
30150	268.77
30160	268.76
30170	268.76
30180	268.79
30190	268.78
30200	268.79
30210	268.8
30220	268.81
30230	268.82
30240	268.85
30250	268.85
30260	268.85
30270	268.84
30280	268.85
30290	268.86
30300	268.85
30310	268.87
30320	268.86
30330	268.88
30340	268.89
30350	268.92
30360	268.91
30370	268.92
30380	268.9
30390	268.89
30400	268.91
30410	268.93
30420	268.97
30430	269.0
30440	269.0
30450	269.01
30460	269.02
30470	269.05
30480	269.07
30490	269.09
30500	269.09
30510	269.13
30520	269.16
30530	269.15
30540	269.17
30550	269.16
30560	269.2
30570	269.2
30580	269.21
30590	269.21
30600	269.24
30610	269.25
30620	269.24
30630	269.26
30640	269.23
30650	269.2
30660	269.22
30670	269.24
30680	269.24
30690	269.23
30700	269.22
30710	269.25
30720	269.23
30730	269.25
30740	269.27
30750	269.28
30760	269.27
30770	269.3
30780	269.29
30790	269.32
30800	269.32
30810	269.36
30820	269.4
30830	269.4
30840	269.43
30850	269.4
30860	269.39
30870	269.43
30880	269.47
30890	269.49
30900	269.53
30910	269.57
30920	269.58
30930	269.6
30940	269.61
30950	269.64
30960	269.67
30970	269.67
30980	269.69
30990	269.73
31000	269.76
31010	269.77
31020	269.79
31030	269.79
31040	269.81
31050	269.83
31060	269.83
31070	269.85
31080	269.85
31090	269.86
31100	269.85
31110	269.86
31120	269.91
31130	269.96
31140	269.99
31150	269.98
31160	270.04
31170	270.06
31180	270.04
31190	270.08
31200	270.09
31210	270.13
31220	270.16
31230	270.17
31240	270.22
31250	270.25
31260	270.25
31270	270.21
31280	270.22
31290	270.22
31300	270.22
31310	270.24
31320	270.27
31330	270.27
31340	270.29
31350	270.31
31360	270.34
31370	270.36
31380	270.37
31390	270.38
31400	270.39
31410	270.42
31420	270.43
31430	270.44
31440	270.48
31450	270.46
31460	270.47
31470	270.46
31480	270.47
31490	270.46
31500	270.45
31510	270.47
31520	270.46
31530	270.47
31540	270.49
31550	270.48
31560	270.47
31570	270.46
31580	270.48
31590	270.49
31600	270.52
31610	270.57
31620	270.55
31630	270.55
31640	270.51
31650	270.5
31660	270.47
31670	270.49
31680	270.48
31690	270.5
31700	270.55
31710	270.56
31720	270.57
31730	270.57
31740	270.56
31750	270.58
31760	270.61
31770	270.58
31780	270.59
31790	270.63
31800	270.65
31810	270.67
31820	270.68
31830	270.69
31840	270.71
31850	270.76
31860	270.77
31870	270.81
31880	270.82
31890	270.83
31900	270.82
31910	270.8
31920	270.8
31930	270.82
31940	270.85
31950	270.85
31960	270.89
31970	270.88
31980	270.89
31990	270.89
32000	270.94
32010	270.92
32020	270.98
32030	271.02
32040	271.03
32050	271.03
32060	271.04
32070	271.04
32080	271.08
32090	271.11
32100	271.13
32110	271.13
32120	271.16
32130	271.15
32140	271.17
32150	271.18
32160	271.18
32170	271.22
32180	271.21
32190	271.24
32200	271.26
32210	271.28
32220	271.29
32230	271.32
32240	271.29
32250	271.28
32260	271.24
32270	271.22
32280	271.22
32290	271.24
32300	271.25
32310	271.29
32320	271.31
32330	271.31
32340	271.34
32350	271.35
32360	271.36
32370	271.4
32380	271.4
32390	271.39
32400	271.44
32410	271.45
32420	271.48
32430	271.5
32440	271.5
32450	271.52
32460	271.52
32470	271.55
32480	271.57
32490	271.57
32500	271.56
32510	271.57
32520	271.6
32530	271.61
32540	271.65
32550	271.66
32560	271.67
32570	271.68
32580	271.74
32590	271.78
32600	271.76
32610	271.76
32620	271.76
32630	271.77
32640	271.8
32650	271.85
32660	271.85
32670	271.86
32680	271.88
32690	271.88
32700	271.9
32710	271.93
32720	271.9
32730	271.91
32740	271.91
32750	271.9
32760	271.91
32770	271.92
32780	271.93
32790	271.96
32800	271.93
32810	271.93
32820	271.92
32830	271.94
32840	271.97
32850	271.99
32860	272.02
32870	272.02
32880	272.04
32890	272.04
32900	272.01
32910	272.02
32920	272.06
32930	272.08
32940	272.08
32950	272.09
32960	272.09
32970	272.13
32980	272.14
32990	272.16
33000	272.15
33010	272.16
33020	272.16
33030	272.2
33040	272.21
33050	272.23
33060	272.2
33070	272.23
33080	272.25
33090	272.26
33100	272.31
33110	272.31
33120	272.33
33130	272.34
33140	272.34
33150	272.33
33160	272.35
33170	272.35
33180	272.38
33190	272.39
33200	272.39
33210	272.39
33220	272.38
33230	272.36
33240	272.37
33250	272.39
33260	272.45
33270	272.46
33280	272.45
33290	272.45
33300	272.48
33310	272.5
33320	272.51
33330	272.49
33340	272.52
33350	272.52
33360	272.51
33370	272.51
33380	272.51
33390	272.51
33400	272.52
33410	272.52
33420	272.56
33430	272.59
33440	272.59
33450	272.63
33460	272.64
33470	272.64
33480	272.69
33490	272.67
33500	272.63
33510	272.63
33520	272.63
33530	272.67
33540	272.7
33550	272.71
33560	272.71
33570	272.74
33580	272.78
33590	272.77
33600	272.78
33610	272.81
33620	272.82
33630	272.82
33640	272.85
33650	272.83
33660	272.86
33670	272.85
33680	272.88
33690	272.89
33700	272.92
33710	272.95
33720	272.95
33730	272.98
33740	272.98
33750	273.01
33760	273.04
33770	273.07
33780	273.06
33790	273.02
33800	273.03
33810	273.07
33820	273.1
33830	273.09
33840	273.09
33850	273.12
33860	273.12
33870	273.16
33880	273.2
33890	273.21
33900	273.25
33910	273.25
33920	273.26
33930	273.3
33940	273.3
33950	273.29
33960	273.28
33970	273.29
33980	273.24
33990	273.26
34000	273.29
34010	273.33
34020	273.32
34030	273.3
34040	273.31
34050	273.33
34060	273.34
34070	273.39
34080	273.43
34090	273.43
34100	273.43
34110	273.4
34120	273.42
34130	273.43
34140	273.44
34150	273.46
34160	273.48
34170	273.53
34180	273.54
34190	273.55
34200	273.55
34210	273.55
34220	273.53
34230	273.54
34240	273.55
34250	273.53
34260	273.52
34270	273.54
34280	273.54
34290	273.58
34300	273.57
34310	273.58
34320	273.59
34330	273.59
34340	273.59
34350	273.61
34360	273.64
34370	273.67
34380	273.71
34390	273.68
34400	273.7
34410	273.69
34420	273.68
34430	273.69
34440	273.71
34450	273.72
34460	273.74
34470	273.73
34480	273.75
34490	273.74
34500	273.71
34510	273.71
34520	273.71
34530	273.7
34540	273.69
34550	273.72
34560	273.74
34570	273.77
34580	273.77
34590	273.78
34600	273.78
34610	273.8
34620	273.86
34630	273.88
34640	273.94
34650	273.95
34660	273.95
34670	273.96
34680	273.98
34690	273.98
34700	274.02
34710	274.03
34720	274.07
34730	274.06
34740	274.06
34750	274.11
34760	274.09
34770	274.14
34780	274.16
34790	274.16
34800	274.18
34810	274.19
34820	274.24
34830	274.26
34840	274.24
34850	274.23
34860	274.22
34870	274.24
34880	274.27
34890	274.27
34900	274.28
34910	274.26
34920	274.26
34930	274.27
34940	274.28
34950	274.28
34960	274.3
34970	274.31
34980	274.35
34990	274.37
35000	274.36
35010	274.32
35020	274.3
35030	274.33
35040	274.34
35050	274.39
35060	274.36
35070	274.38
35080	274.37
35090	274.37
35100	274.43
35110	274.42
35120	274.39
35130	274.38
35140	274.44
35150	274.45
35160	274.48
35170	274.45
35180	274.5
35190	274.52
35200	274.56
35210	274.62
35220	274.64
35230	274.63
35240	274.65
35250	274.64
35260	274.65
35270	274.66
35280	274.68
35290	274.68
35300	274.7
35310	274.69
35320	274.69
35330	274.74
35340	274.74
35350	274.8
35360	274.76
35370	274.77
35380	274.79
35390	274.81
35400	274.86
35410	274.92
35420	274.92
35430	274.9
35440	274.91
35450	274.93
35460	274.93
35470	274.95
35480	274.98
35490	275.0
35500	275.0
35510	274.99
35520	275.05
35530	275.03
35540	275.01
35550	275.05
35560	275.07
35570	275.06
35580	275.06
35590	275.08
35600	275.09
35610	275.09
35620	275.08
35630	275.11
35640	275.12
35650	275.11
35660	275.12
35670	275.13
35680	275.14
35690	275.18
35700	275.19
35710	275.18
35720	275.18
35730	275.18
35740	275.16
35750	275.21
35760	275.24
35770	275.27
35780	275.27
35790	275.28
35800	275.31
35810	275.34
35820	275.38
35830	275.39
35840	275.38
35850	275.36
35860	275.37
35870	275.39
35880	275.42
35890	275.43
35900	275.43
35910	275.43
35920	275.43
35930	275.44
35940	275.45
35950	275.44
35960	275.46
35970	275.51
35980	275.52
35990	275.53
36000	275.54
36010	275.56
36020	275.56
36030	275.58
36040	275.64
36050	275.68
36060	275.69
36070	275.69
36080	275.72
36090	275.79
36100	275.79
36110	275.75
36120	275.76
36130	275.78
36140	275.8
36150	275.8
36160	275.82
36170	275.84
36180	275.88
36190	275.91
36200	275.92
36210	275.95
36220	275.98
36230	276.0
36240	276.02
36250	276.04
36260	276.07
36270	276.08
36280	276.11
36290	276.12
36300	276.15
36310	276.18
36320	276.21
36330	276.23
36340	276.25
36350	276.24
36360	276.27
36370	276.28
36380	276.26
36390	276.25
36400	276.24
36410	276.24
36420	276.25
36430	276.27
36440	276.26
36450	276.29
36460	276.3
36470	276.32
36480	276.31
36490	276.28
36500	276.3
36510	276.33
36520	276.32
36530	276.32
36540	276.35
36550	276.32
36560	276.31
36570	276.3
36580	276.3
36590	276.31
36600	276.31
36610	276.31
36620	276.31
36630	276.31
36640	276.34
36650	276.35
36660	276.38
36670	276.39
36680	276.37
36690	276.39
36700	276.42
36710	276.44
36720	276.48
36730	276.47
36740	276.46
36750	276.45
36760	276.44
36770	276.44
36780	276.45
36790	276.49
36800	276.52
36810	276.5
36820	276.5
36830	276.5
36840	276.49
36850	276.52
36860	276.51
36870	276.54
36880	276.58
36890	276.59
36900	276.62
36910	276.6
36920	276.65
36930	276.68
36940	276.71
36950	276.73
36960	276.74
36970	276.75
36980	276.77
36990	276.78
37000	276.81
37010	276.79
37020	276.8
37030	276.83
37040	276.83
37050	276.89
37060	276.93
37070	276.95
37080	276.98
37090	276.98
37100	276.97
37110	277.0
37120	277.02
37130	277.05
37140	277.08
37150	277.08
37160	277.12
37170	277.15
37180	277.18
37190	277.16
37200	277.22
37210	277.24
37220	277.23
37230	277.23
37240	277.22
37250	277.25
37260	277.24
37270	277.27
37280	277.29
37290	277.28
37300	277.32
37310	277.36
37320	277.36
37330	277.35
37340	277.36
37350	277.4
37360	277.39
37370	277.41
37380	277.44
37390	277.47
37400	277.48
37410	277.48
37420	277.49
37430	277.52
37440	277.55
37450	277.57
37460	277.6
37470	277.57
37480	277.58
37490	277.61
37500	277.59
37510	277.61
37520	277.63
37530	277.62
37540	277.67
37550	277.67
37560	277.65
37570	277.7
37580	277.7
37590	277.72
37600	277.71
37610	277.75
37620	277.75
37630	277.77
37640	277.79
37650	277.82
37660	277.83
37670	277.82
37680	277.83
37690	277.83
37700	277.84
37710	277.84
37720	277.87
37730	277.87
37740	277.88
37750	277.91
37760	277.93
37770	277.93
37780	277.96
37790	277.94
37800	277.94
37810	277.96
37820	277.97
37830	277.96
37840	278.0
37850	278.01
37860	278.05
37870	278.06
37880	278.08
37890	278.09
37900	278.13
37910	278.15
37920	278.17
37930	278.21
37940	278.2
37950	278.19
37960	278.23
37970	278.25
37980	278.3
37990	278.3
38000	278.28
38010	278.32
38020	278.36
38030	278.38
38040	278.42
38050	278.43
38060	278.41
38070	278.43
38080	278.5
38090	278.49
38100	278.52
38110	278.53
38120	278.55
38130	278.57
38140	278.59
38150	278.62
38160	278.65
38170	278.69
38180	278.71
38190	278.73
38200	278.77
38210	278.78
38220	278.81
38230	278.86
38240	278.87
38250	278.9
38260	278.92
38270	278.91
38280	278.91
38290	278.95
38300	278.97
38310	278.97
38320	278.98
38330	278.99
38340	279.01
38350	279.0
38360	278.99
38370	278.98
38380	279.0
38390	279.03
38400	279.05
38410	279.02
38420	278.97
38430	278.99
38440	278.99
38450	279.0
38460	278.99
38470	279.0
38480	279.03
38490	279.02
38500	279.04
38510	279.08
38520	279.1
38530	279.1
38540	279.11
38550	279.1
38560	279.1
38570	279.11
38580	279.12
38590	279.15
38600	279.17
38610	279.16
38620	279.17
38630	279.18
38640	279.2
38650	279.23
38660	279.26
38670	279.28
38680	279.28
38690	279.27
38700	279.25
38710	279.28
38720	279.31
38730	279.33
38740	279.3
38750	279.3
38760	279.36
38770	279.38
38780	279.44
38790	279.44
38800	279.48
38810	279.47
38820	279.47
38830	279.47
38840	279.47
38850	279.43
38860	279.45
38870	279.46
38880	279.48
38890	279.51
38900	279.51
38910	279.54
38920	279.54
38930	279.57
38940	279.57
38950	279.59
38960	279.64
38970	279.64
38980	279.63
38990	279.63
39000	279.68
39010	279.72
39020	279.76
39030	279.77
39040	279.76
39050	279.8
39060	279.83
39070	279.84
39080	279.89
39090	279.88
39100	279.92
39110	279.89
39120	279.88
39130	279.89
39140	279.89
39150	279.94
39160	279.98
39170	279.98
39180	279.97
39190	279.95
39200	279.98
39210	279.99
39220	279.98
39230	279.97
39240	279.96
39250	279.97
39260	279.96
39270	279.99
39280	279.96
39290	279.99
39300	279.98
39310	280.01
39320	280.02
39330	280.01
39340	280.02
39350	280.03
39360	280.03
39370	280.02
39380	280.06
39390	280.08
39400	280.07
39410	280.08
39420	280.08
39430	280.09
39440	280.09
39450	280.06
39460	280.08
39470	280.07
39480	280.08
39490	280.1
39500	280.15
39510	280.17
39520	280.19
39530	280.19
39540	280.2
39550	280.24
39560	280.28
39570	280.29
39580	280.29
39590	280.3
39600	280.3
39610	280.3
39620	280.31
39630	280.35
39640	280.36
39650	280.38
39660	280.4
39670	280.41
39680	280.39
39690	280.4
39700	280.42
39710	280.43
39720	280.44
39730	280.47
39740	280.49
39750	280.5
39760	280.52
39770	280.52
39780	280.54
39790	280.54
39800	280.54
39810	280.53
39820	280.52
39830	280.54
39840	280.58
39850	280.6
39860	280.62
39870	280.63
39880	280.64
39890	280.66
39900	280.65
39910	280.7
39920	280.74
39930	280.76
39940	280.76
39950	280.8
39960	280.81
39970	280.82
39980	280.82
39990	280.86
40000	280.84
40010	280.85
40020	280.81
40030	280.85
40040	280.86
40050	280.84
40060	280.84
40070	280.86
40080	280.86
40090	280.9
40100	280.93
40110	280.96
40120	280.98
40130	281.04
40140	281.03
40150	281.04
40160	281.04
40170	281.05
40180	281.08
40190	281.11
40200	281.1
40210	281.11
40220	281.17
40230	281.19
40240	281.2
40250	281.24
40260	281.23
40270	281.26
40280	281.28
40290	281.31
40300	281.32
40310	281.35
40320	281.38
40330	281.43
40340	281.45
40350	281.45
40360	281.46
40370	281.47
40380	281.47
40390	281.48
40400	281.48
40410	281.48
40420	281.48
40430	281.48
40440	281.49
40450	281.5
40460	281.51
40470	281.52
40480	281.55
40490	281.57
40500	281.6
40510	281.62
40520	281.6
40530	281.65
40540	281.64
40550	281.65
40560	281.67
40570	281.69
40580	281.7
40590	281.7
40600	281.73
40610	281.76
40620	281.79
40630	281.84
40640	281.84
40650	281.86
40660	281.85
40670	281.88
40680	281.88
40690	281.88
40700	281.9
40710	281.94
40720	281.94
40730	281.95
40740	281.98
40750	281.95
40760	281.94
40770	281.91
40780	281.91
40790	281.93
40800	281.97
40810	281.99
40820	282.0
40830	282.02
40840	281.97
40850	281.97
40860	282.0
40870	282.0
40880	282.03
40890	282.05
40900	282.04
40910	282.05
40920	282.09
40930	282.12
40940	282.14
40950	282.12
40960	282.1
40970	282.14
40980	282.16
40990	282.2
41000	282.2
41010	282.23
41020	282.29
41030	282.29
41040	282.34
41050	282.34
41060	282.38
41070	282.35
41080	282.36
41090	282.36
41100	282.38
41110	282.41
41120	282.41
41130	282.44
41140	282.42
41150	282.44
41160	282.44
41170	282.44
41180	282.45
41190	282.47
41200	282.53
41210	282.54
41220	282.57
41230	282.58
41240	282.57
41250	282.55
41260	282.56
41270	282.57
41280	282.61
41290	282.6
41300	282.63
41310	282.64
41320	282.66
41330	282.65
41340	282.67
41350	282.68
41360	282.72
41370	282.71
41380	282.73
41390	282.72
41400	282.71
41410	282.72
41420	282.75
41430	282.77
41440	282.77
41450	282.74
41460	282.72
41470	282.76
41480	282.82
41490	282.8
41500	282.82
41510	282.83
41520	282.84
41530	282.83
41540	282.83
41550	282.88
41560	282.89
41570	282.89
41580	282.89
41590	282.87
41600	282.88
41610	282.91
41620	282.91
41630	282.97
41640	282.98
41650	283.0
41660	283.02
41670	283.03
41680	283.02
41690	283.02
41700	283.05
41710	283.11
41720	283.11
41730	283.15
41740	283.16
41750	283.2
41760	283.19
41770	283.21
41780	283.25
41790	283.3
41800	283.31
41810	283.3
41820	283.31
41830	283.32
41840	283.34
41850	283.36
41860	283.37
41870	283.35
41880	283.33
41890	283.32
41900	283.36
41910	283.38
41920	283.42
41930	283.46
41940	283.45
41950	283.45
41960	283.44
41970	283.42
41980	283.44
41990	283.42
42000	283.44
42010	283.44
42020	283.5
42030	283.52
42040	283.53
42050	283.6
42060	283.58
42070	283.62
42080	283.65
42090	283.67
42100	283.66
42110	283.64
42120	283.64
42130	283.65
42140	283.66
42150	283.71
42160	283.7
42170	283.74
42180	283.75
42190	283.78
42200	283.81
42210	283.8
42220	283.79
42230	283.81
42240	283.81
42250	283.81
42260	283.86
42270	283.84
42280	283.87
42290	283.88
42300	283.92
42310	283.9
42320	283.93
42330	283.94
42340	283.94
42350	283.93
42360	283.93
42370	283.93
42380	283.94
42390	283.96
42400	283.96
42410	283.95
42420	283.98
42430	283.99
42440	284.01
42450	284.04
42460	284.04
42470	284.07
42480	284.11
42490	284.11
42500	284.12
42510	284.11
42520	284.12
42530	284.09
42540	284.08
42550	284.1
42560	284.11
42570	284.09
42580	284.07
42590	284.09
42600	284.1
42610	284.12
42620	284.12
42630	284.13
42640	284.16
42650	284.2
42660	284.18
42670	284.17
42680	284.18
42690	284.17
42700	284.2
42710	284.22
42720	284.25
42730	284.28
42740	284.29
42750	284.31
42760	284.33
42770	284.36
42780	284.37
42790	284.42
42800	284.44
42810	284.48
42820	284.51
42830	284.48
42840	284.49
42850	284.49
42860	284.47
42870	284.47
42880	284.5
42890	284.55
42900	284.59
42910	284.58
42920	284.6
42930	284.6
42940	284.64
42950	284.69
42960	284.74
42970	284.74
42980	284.76
42990	284.78
43000	284.78
43010	284.77
43020	284.76
43030	284.73
43040	284.74
43050	284.75
43060	284.77
43070	284.77
43080	284.77
43090	284.78
43100	284.77
43110	284.78
43120	284.8
43130	284.83
43140	284.87
43150	284.91
43160	284.95
43170	284.92
43180	284.9
43190	284.89
43200	284.87
43210	284.87
43220	284.88
43230	284.92
43240	284.95
43250	284.93
43260	284.93
43270	284.97
43280	284.99
43290	285.02
43300	285.03
43310	285.06
43320	285.09
43330	285.14
43340	285.13
43350	285.16
43360	285.18
43370	285.16
43380	285.17
43390	285.17
43400	285.16
43410	285.16
43420	285.18
43430	285.2
43440	285.23
43450	285.25
43460	285.23
43470	285.24
43480	285.23
43490	285.24
43500	285.26
43510	285.3
43520	285.28
43530	285.29
43540	285.31
43550	285.34
43560	285.37
43570	285.42
43580	285.42
43590	285.45
43600	285.47
43610	285.5
43620	285.5
43630	285.54
43640	285.55
43650	285.56
43660	285.58
43670	285.59
43680	285.6
43690	285.63
43700	285.68
43710	285.66
43720	285.68
43730	285.7
43740	285.7
43750	285.71
43760	285.7
43770	285.74
43780	285.76
43790	285.76
43800	285.78
43810	285.8
43820	285.83
43830	285.84
43840	285.84
43850	285.87
43860	285.87
43870	285.9
43880	285.89
43890	285.88
43900	285.9
43910	285.93
43920	285.91
43930	285.92
43940	285.92
43950	285.92
43960	285.91
43970	285.93
43980	285.96
43990	285.98
44000	286.01
44010	286.02
44020	286.06
44030	286.07
44040	286.08
44050	286.1
44060	286.12
44070	286.12
44080	286.13
44090	286.16
44100	286.18
44110	286.22
44120	286.22
44130	286.24
44140	286.24
44150	286.28
44160	286.29
44170	286.3
44180	286.3
44190	286.3
44200	286.28
44210	286.3
44220	286.3
44230	286.31
44240	286.33
44250	286.37
44260	286.39
44270	286.42
44280	286.43
44290	286.43
44300	286.46
44310	286.47
44320	286.46
44330	286.51
44340	286.51
44350	286.56
44360	286.56
44370	286.57
44380	286.57
44390	286.62
44400	286.6
44410	286.59
44420	286.61
44430	286.64
44440	286.66
44450	286.66
44460	286.69
44470	286.68
44480	286.69
44490	286.73
44500	286.75
44510	286.74
44520	286.75
44530	286.78
44540	286.8
44550	286.82
44560	286.81
44570	286.81
44580	286.84
44590	286.83
44600	286.87
44610	286.89
44620	286.92
44630	286.95
44640	286.98
44650	287.04
44660	287.05
44670	287.09
44680	287.12
44690	287.14
44700	287.2
44710	287.19
44720	287.19
44730	287.22
44740	287.24
44750	287.23
44760	287.25
44770	287.28
44780	287.27
44790	287.28
44800	287.3
44810	287.31
44820	287.32
44830	287.32
44840	287.38
44850	287.4
44860	287.39
44870	287.39
44880	287.4
44890	287.43
44900	287.45
44910	287.48
44920	287.5
44930	287.5
44940	287.54
44950	287.52
44960	287.5
44970	287.52
44980	287.53
44990	287.56
45000	287.54
45010	287.55
45020	287.56
45030	287.57
45040	287.58
45050	287.58
45060	287.61
45070	287.64
45080	287.67
45090	287.67
45100	287.63
45110	287.64
45120	287.63
45130	287.64
45140	287.66
45150	287.69
45160	287.69
45170	287.67
45180	287.67
45190	287.67
45200	287.67
45210	287.65
45220	287.67
45230	287.69
45240	287.71
45250	287.69
45260	287.72
45270	287.73
45280	287.73
45290	287.73
45300	287.76
45310	287.76
45320	287.76
45330	287.75
45340	287.77
45350	287.79
45360	287.77
45370	287.77
45380	287.8
45390	287.81
45400	287.86
45410	287.9
45420	287.93
45430	287.94
45440	287.95
45450	287.95
45460	287.94
45470	287.93
45480	287.95
45490	287.95
45500	287.94
45510	287.94
45520	287.92
45530	287.91
45540	287.96
45550	287.95
45560	287.95
45570	287.96
45580	287.96
45590	287.99
45600	288.0
45610	288.03
45620	288.02
45630	287.99
45640	288.01
45650	288.03
45660	288.03
45670	288.04
45680	288.06
45690	288.05
45700	288.04
45710	288.04
45720	288.05
45730	288.09
45740	288.11
45750	288.14
45760	288.18
45770	288.19
45780	288.18
45790	288.15
45800	288.16
45810	288.18
45820	288.19
45830	288.19
45840	288.2
45850	288.2
45860	288.18
45870	288.21
45880	288.24
45890	288.24
45900	288.27
45910	288.29
45920	288.31
45930	288.37
45940	288.36
45950	288.35
45960	288.32
45970	288.31
45980	288.32
45990	288.32
46000	288.32
46010	288.31
46020	288.34
46030	288.36
46040	288.35
46050	288.37
46060	288.35
46070	288.37
46080	288.37
46090	288.35
46100	288.42
46110	288.48
46120	288.52
46130	288.52
46140	288.56
46150	288.57
46160	288.6
46170	288.62
46180	288.68
46190	288.71
46200	288.74
46210	288.76
46220	288.78
46230	288.81
46240	288.83
46250	288.84
46260	288.9
46270	288.9
46280	288.91
46290	288.91
46300	288.97
46310	289.01
46320	289.03
46330	288.99
46340	288.97
46350	288.97
46360	288.96
46370	288.97
46380	288.96
46390	288.95
46400	288.98
46410	288.99
46420	289.0
46430	289.03
46440	289.07
46450	289.1
46460	289.09
46470	289.08
46480	289.07
46490	289.08
46500	289.07
46510	289.08
46520	289.1
46530	289.1
46540	289.09
46550	289.12
46560	289.11
46570	289.11
46580	289.1
46590	289.11
46600	289.15
46610	289.12
46620	289.1
46630	289.08
46640	289.08
46650	289.12
46660	289.15
46670	289.18
46680	289.18
46690	289.17
46700	289.18
46710	289.2
46720	289.2
46730	289.2
46740	289.21
46750	289.18
46760	289.17
46770	289.21
46780	289.24
46790	289.26
46800	289.26
46810	289.28
46820	289.31
46830	289.33
46840	289.35
46850	289.37
46860	289.37
46870	289.39
46880	289.4
46890	289.4
46900	289.43
46910	289.44
46920	289.48
46930	289.52
46940	289.52
46950	289.55
46960	289.54
46970	289.55
46980	289.57
46990	289.62
47000	289.65
47010	289.68
47020	289.69
47030	289.71
47040	289.73
47050	289.75
47060	289.74
47070	289.75
47080	289.8
47090	289.8
47100	289.77
47110	289.75
47120	289.76
47130	289.76
47140	289.79
47150	289.8
47160	289.83
47170	289.88
47180	289.92
47190	289.97
47200	290.0
47210	290.02
47220	290.04
47230	290.04
47240	290.04
47250	290.03
47260	290.03
47270	290.05
47280	290.06
47290	290.08
47300	290.11
47310	290.11
47320	290.15
47330	290.13
47340	290.12
47350	290.09
47360	290.1
47370	290.13
47380	290.12
47390	290.12
47400	290.13
47410	290.16
47420	290.2
47430	290.19
47440	290.23
47450	290.26
47460	290.29
47470	290.31
47480	290.35
47490	290.35
47500	290.34
47510	290.38
47520	290.37
47530	290.39
47540	290.4
47550	290.42
47560	290.44
47570	290.48
47580	290.44
47590	290.48
47600	290.5
47610	290.57
47620	290.58
47630	290.6
47640	290.63
47650	290.61
47660	290.59
47670	290.63
47680	290.63
47690	290.65
47700	290.63
47710	290.66
47720	290.65
47730	290.67
47740	290.69
47750	290.72
47760	290.67
47770	290.68
47780	290.65
47790	290.62
47800	290.68
47810	290.67
47820	290.71
47830	290.71
47840	290.68
47850	290.68
47860	290.71
47870	290.73
47880	290.76
47890	290.77
47900	290.78
47910	290.79
47920	290.8
47930	290.88
47940	290.89
47950	290.9
47960	290.91
47970	290.94
47980	290.95
47990	290.97
48000	291.01
48010	291.04
48020	291.05
48030	291.05
48040	291.02
48050	291.02
48060	291.01
48070	291.03
48080	291.04
48090	291.07
48100	291.06
48110	291.09
48120	291.07
48130	291.08
48140	291.07
48150	291.15
48160	291.17
48170	291.19
48180	291.21
48190	291.21
48200	291.19
48210	291.18
48220	291.21
48230	291.22
48240	291.24
48250	291.27
48260	291.3
48270	291.36
48280	291.37
48290	291.39
48300	291.38
48310	291.39
48320	291.38
48330	291.31
48340	291.32
48350	291.33
48360	291.31
48370	291.32
48380	291.38
48390	291.39
48400	291.4
48410	291.41
48420	291.41
48430	291.42
48440	291.43
48450	291.47
48460	291.5
48470	291.51
48480	291.52
48490	291.53
48500	291.52
48510	291.55
48520	291.55
48530	291.55
48540	291.55
48550	291.57
48560	291.58
48570	291.58
48580	291.58
48590	291.61
48600	291.59
48610	291.6
48620	291.64
48630	291.68
48640	291.67
48650	291.67
48660	291.69
48670	291.72
48680	291.75
48690	291.76
48700	291.81
48710	291.87
48720	291.89
48730	291.91
48740	291.91
48750	291.89
48760	291.91
48770	291.93
48780	291.94
48790	291.91
48800	291.89
48810	291.93
48820	291.92
48830	291.93
48840	291.95
48850	291.93
48860	291.92
48870	291.9
48880	291.94
48890	291.95
48900	291.96
48910	291.95
48920	291.94
48930	291.95
48940	291.96
48950	291.96
48960	291.95
48970	291.94
48980	291.97
48990	291.98
49000	291.96
49010	291.96
49020	291.98
49030	291.99
49040	292.03
49050	292.04
49060	292.08
49070	292.07
49080	292.06
49090	292.09
49100	292.1
49110	292.08
49120	292.09
49130	292.12
49140	292.15
49150	292.15
49160	292.14
49170	292.14
49180	292.16
49190	292.2
49200	292.18
49210	292.18
49220	292.2
49230	292.23
49240	292.25
49250	292.23
49260	292.21
49270	292.23
49280	292.28
49290	292.26
49300	292.28
49310	292.29
49320	292.33
49330	292.35
49340	292.37
49350	292.42
49360	292.41
49370	292.39
49380	292.42
49390	292.43
49400	292.45
49410	292.42
49420	292.42
49430	292.41
49440	292.4
49450	292.41
49460	292.44
49470	292.46
49480	292.49
49490	292.5
49500	292.52
49510	292.51
49520	292.53
49530	292.56
49540	292.55
49550	292.56
49560	292.63
49570	292.64
49580	292.63
49590	292.63
49600	292.64
49610	292.68
49620	292.7
49630	292.72
49640	292.71
49650	292.71
49660	292.75
49670	292.77
49680	292.76
49690	292.76
49700	292.78
49710	292.77
49720	292.77
49730	292.77
49740	292.78
49750	292.82
49760	292.83
49770	292.84
49780	292.86
49790	292.85
49800	292.89
49810	292.89
49820	292.88
49830	292.87
49840	292.86
49850	292.85
49860	292.85
49870	292.86
49880	292.87
49890	292.9
49900	292.93
49910	292.95
49920	292.98
49930	292.98
49940	293.0
49950	293.0
49960	293.01
49970	292.99
49980	293.01
49990	293.0
50000	293.03
50010	293.06
50020	293.06
50030	293.09
50040	293.12
50050	293.14
50060	293.15
50070	293.16
50080	293.17
50090	293.19
50100	293.23
50110	293.22
50120	293.22
50130	293.2
50140	293.21
50150	293.24
50160	293.28
50170	293.25
50180	293.25
50190	293.25
50200	293.24
50210	293.27
50220	293.31
50230	293.32
50240	293.3
50250	293.31
50260	293.32
50270	293.33
50280	293.34
50290	293.39
50300	293.4
50310	293.39
50320	293.38
50330	293.37
50340	293.43
50350	293.45
50360	293.42
50370	293.43
50380	293.41
50390	293.4
50400	293.39
50410	293.42
50420	293.41
50430	293.43
50440	293.45
50450	293.46
50460	293.48
50470	293.49
50480	293.49
50490	293.49
50500	293.5
50510	293.53
50520	293.53
50530	293.54
50540	293.54
50550	293.56
50560	293.59
50570	293.62
50580	293.61
50590	293.61
50600	293.59
50610	293.59
50620	293.63
50630	293.64
50640	293.65
50650	293.66
50660	293.66
50670	293.7
50680	293.68
50690	293.67
50700	293.69
50710	293.68
50720	293.71
50730	293.74
50740	293.77
50750	293.8
50760	293.79
50770	293.78
50780	293.8
50790	293.78
50800	293.75
50810	293.79
50820	293.79
50830	293.8
50840	293.79
50850	293.82
50860	293.85
50870	293.84
50880	293.85
50890	293.9
50900	293.92
50910	293.92
50920	293.95
50930	293.97
50940	293.94
50950	293.97
50960	293.98
50970	293.99
50980	294.0
50990	293.99
51000	294.01
51010	294.03
51020	294.05
51030	294.05
51040	294.07
51050	294.07
51060	294.1
51070	294.12
51080	294.12
51090	294.1
51100	294.08
51110	294.08
51120	294.08
51130	294.08
51140	294.09
51150	294.12
51160	294.11
51170	294.13
51180	294.15
51190	294.16
51200	294.19
51210	294.2
51220	294.26
51230	294.26
51240	294.26
51250	294.23
51260	294.24
51270	294.26
51280	294.27
51290	294.25
51300	294.31
51310	294.35
51320	294.37
51330	294.37
51340	294.36
51350	294.39
51360	294.41
51370	294.43
51380	294.44
51390	294.49
51400	294.5
51410	294.51
51420	294.51
51430	294.52
51440	294.54
51450	294.56
51460	294.57
51470	294.58
51480	294.62
51490	294.65
51500	294.66
51510	294.69
51520	294.69
51530	294.71
51540	294.72
51550	294.71
51560	294.74
51570	294.76
51580	294.8
51590	294.81
51600	294.83
51610	294.8
51620	294.81
51630	294.83
51640	294.84
51650	294.85
51660	294.87
51670	294.86
51680	294.89
51690	294.89
51700	294.9
51710	294.94
51720	294.93
51730	294.96
51740	294.99
51750	295.0
51760	294.99
51770	295.03
51780	295.06
51790	295.1
51800	295.08
51810	295.1
51820	295.13
51830	295.15
51840	295.13
51850	295.14
51860	295.16
51870	295.17
51880	295.17
51890	295.19
51900	295.19
51910	295.21
51920	295.24
51930	295.27
51940	295.31
51950	295.33
51960	295.3
51970	295.35
51980	295.37
51990	295.4
52000	295.42
52010	295.41
52020	295.42
52030	295.45
52040	295.5
52050	295.49
52060	295.46
52070	295.48
52080	295.49
52090	295.51
52100	295.54
52110	295.56
52120	295.59
52130	295.6
52140	295.64
52150	295.65
52160	295.71
52170	295.71
52180	295.74
52190	295.7
52200	295.66
52210	295.71
52220	295.71
52230	295.74
52240	295.8
52250	295.86
52260	295.87
52270	295.87
52280	295.92
52290	295.98
52300	295.97
52310	296.01
52320	296.03
52330	296.02
52340	296.03
52350	296.04
52360	296.06
52370	296.05
52380	296.02
52390	296.01
52400	296.01
52410	296.04
52420	296.04
52430	296.04
52440	296.06
52450	296.1
52460	296.17
52470	296.17
52480	296.18
52490	296.16
52500	296.17
52510	296.23
52520	296.24
52530	296.25
52540	296.29
52550	296.3
52560	296.32
52570	296.36
52580	296.35
52590	296.36
52600	296.35
52610	296.34
52620	296.37
52630	296.4
52640	296.43
52650	296.44
52660	296.47
52670	296.48
52680	296.52
52690	296.5
52700	296.53
52710	296.55
52720	296.56
52730	296.57
52740	296.58
52750	296.6
52760	296.62
52770	296.61
52780	296.6
52790	296.59
52800	296.59
52810	296.62
52820	296.6
52830	296.64
52840	296.65
52850	296.71
52860	296.7
52870	296.68
52880	296.7
52890	296.7
52900	296.72
52910	296.74
52920	296.77
52930	296.77
52940	296.8
52950	296.81
52960	296.8
52970	296.84
52980	296.85
52990	296.88
53000	296.91
53010	296.9
53020	296.89
53030	296.9
53040	296.92
53050	296.9
53060	296.89
53070	296.86
53080	296.88
53090	296.87
53100	296.86
53110	296.88
53120	296.86
53130	296.89
53140	296.93
53150	296.93
53160	296.96
53170	296.98
53180	296.99
53190	296.99
53200	297.0
53210	296.99
53220	297.0
53230	297.03
53240	297.03
53250	297.03
53260	297.02
53270	297.09
53280	297.16
53290	297.17
53300	297.17
53310	297.19
53320	297.2
53330	297.23
53340	297.23
53350	297.21
53360	297.2
53370	297.2
53380	297.2
53390	297.17
53400	297.19
53410	297.18
53420	297.18
53430	297.17
53440	297.21
53450	297.21
53460	297.2
53470	297.18
53480	297.18
53490	297.21
53500	297.21
53510	297.2
53520	297.21
53530	297.22
53540	297.25
53550	297.25
53560	297.22
53570	297.26
53580	297.25
53590	297.25
53600	297.24
53610	297.23
53620	297.25
53630	297.25
53640	297.24
53650	297.25
53660	297.28
53670	297.31
53680	297.32
53690	297.34
53700	297.35
53710	297.38
53720	297.37
53730	297.4
53740	297.42
53750	297.41
53760	297.41
53770	297.41
53780	297.44
53790	297.48
53800	297.47
53810	297.47
53820	297.45
53830	297.47
53840	297.49
53850	297.5
53860	297.54
53870	297.59
53880	297.61
53890	297.65
53900	297.68
53910	297.69
53920	297.67
53930	297.65
53940	297.68
53950	297.67
53960	297.66
53970	297.67
53980	297.69
53990	297.71
54000	297.76
54010	297.76
54020	297.75
54030	297.74
54040	297.78
54050	297.81
54060	297.83
54070	297.83
54080	297.81
54090	297.83
54100	297.83
54110	297.87
54120	297.87
54130	297.92
54140	297.92
54150	297.94
54160	297.97
54170	297.97
54180	298.01
54190	298.02
54200	298.04
54210	298.02
54220	297.97
54230	297.97
54240	297.97
54250	297.99
54260	297.96
54270	297.96
54280	297.97
54290	298.0
54300	297.99
54310	298.0
54320	298.03
54330	298.05
54340	298.09
54350	298.1
54360	298.11
54370	298.12
54380	298.1
54390	298.11
54400	298.12
54410	298.1
54420	298.08
54430	298.05
54440	298.1
54450	298.13
54460	298.15
54470	298.17
54480	298.21
54490	298.2
54500	298.26
54510	298.25
54520	298.26
54530	298.24
54540	298.28
54550	298.33
54560	298.34
54570	298.32
54580	298.33
54590	298.33
54600	298.34
54610	298.37
54620	298.39
54630	298.41
54640	298.4
54650	298.41
54660	298.41
54670	298.43
54680	298.45
54690	298.41
54700	298.41
54710	298.41
54720	298.47
54730	298.49
54740	298.5
54750	298.48
54760	298.48
54770	298.49
54780	298.48
54790	298.49
54800	298.48
54810	298.48
54820	298.49
54830	298.48
54840	298.48
54850	298.53
54860	298.53
54870	298.55
54880	298.55
54890	298.55
54900	298.54
54910	298.55
54920	298.54
54930	298.55
54940	298.54
54950	298.55
54960	298.58
54970	298.64
54980	298.66
54990	298.66
55000	298.69
55010	298.71
55020	298.72
55030	298.73
55040	298.76
55050	298.75
55060	298.76
55070	298.79
55080	298.81
55090	298.85
55100	298.86
55110	298.86
55120	298.87
55130	298.9
55140	298.89
55150	298.94
55160	298.95
55170	298.94
55180	298.95
55190	298.98
55200	298.99
55210	299.01
55220	299.03
55230	299.03
55240	299.04
55250	299.06
55260	299.11
55270	299.08
55280	299.07
55290	299.06
55300	299.08
55310	299.05
55320	299.05
55330	299.02
55340	299.02
55350	299.02
55360	299.05
55370	299.05
55380	299.06
55390	299.04
55400	299.03
55410	299.01
55420	299.02
55430	299.04
55440	299.02
55450	299.01
55460	299.04
55470	299.08
55480	299.06
55490	299.09
55500	299.1
55510	299.11
55520	299.12
55530	299.1
55540	299.09
55550	299.11
55560	299.12
55570	299.14
55580	299.17
55590	299.18
55600	299.19
55610	299.18
55620	299.17
55630	299.17
55640	299.2
55650	299.2
55660	299.19
55670	299.21
55680	299.22
55690	299.25
55700	299.23
55710	299.26
55720	299.27
55730	299.27
55740	299.29
55750	299.27
55760	299.27
55770	299.3
55780	299.3
55790	299.31
55800	299.33
55810	299.37
55820	299.39
55830	299.41
55840	299.41
55850	299.42
55860	299.41
55870	299.39
55880	299.39
55890	299.36
55900	299.38
55910	299.44
55920	299.43
55930	299.43
55940	299.45
55950	299.45
55960	299.46
55970	299.47
55980	299.48
55990	299.5
56000	299.5
56010	299.52
56020	299.52
56030	299.52
56040	299.52
56050	299.55
56060	299.57
56070	299.62
56080	299.64
56090	299.64
56100	299.64
56110	299.63
56120	299.68
56130	299.71
56140	299.69
56150	299.7
56160	299.67
56170	299.7
56180	299.7
56190	299.71
56200	299.72
56210	299.75
56220	299.76
56230	299.8
56240	299.82
56250	299.84
56260	299.87
56270	299.87
56280	299.89
56290	299.87
56300	299.88
56310	299.87
56320	299.87
56330	299.86
56340	299.89
56350	299.9
56360	299.89
56370	299.9
56380	299.96
56390	299.98
56400	300.01
56410	300.02
56420	300.04
56430	300.05
56440	300.08
56450	300.09
56460	300.08
56470	300.06
56480	300.05
56490	300.07
56500	300.06
56510	300.06
56520	300.09
56530	300.1
56540	300.11
56550	300.13
56560	300.14
56570	300.16
56580	300.17
56590	300.2
56600	300.22
56610	300.24
56620	300.22
56630	300.3
56640	300.29
56650	300.28
56660	300.26
56670	300.26
56680	300.24
56690	300.28
56700	300.31
56710	300.33
56720	300.35
56730	300.32
56740	300.32
56750	300.35
56760	300.37
56770	300.39
56780	300.43
56790	300.47
56800	300.47
56810	300.47
56820	300.5
56830	300.48
56840	300.49
56850	300.5
56860	300.5
56870	300.51
56880	300.54
56890	300.55
56900	300.53
56910	300.51
56920	300.51
56930	300.51
56940	300.5
56950	300.5
56960	300.53
56970	300.55
56980	300.57
56990	300.54
57000	300.54
57010	300.58
57020	300.62
57030	300.65
57040	300.72
57050	300.78
57060	300.79
57070	300.81
57080	300.82
57090	300.82
57100	300.8
57110	300.8
57120	300.81
57130	300.86
57140	300.87
57150	300.87
57160	300.9
57170	300.89
57180	300.91
57190	300.9
57200	300.88
57210	300.87
57220	300.89
57230	300.9
57240	300.93
57250	300.91
57260	300.92
57270	300.91
57280	300.91
57290	300.91
57300	300.91
57310	300.89
57320	300.91
57330	300.9
57340	300.89
57350	300.91
57360	300.93
57370	300.94
57380	300.99
57390	301.0
57400	300.99
57410	301.0
57420	301.0
57430	300.99
57440	300.99
57450	301.02
57460	301.04
57470	301.04
57480	301.05
57490	301.08
57500	301.07
57510	301.05
57520	301.06
57530	301.08
57540	301.05
57550	301.07
57560	301.09
57570	301.1
57580	301.1
57590	301.13
57600	301.17
57610	301.2
57620	301.23
57630	301.24
57640	301.24
57650	301.23
57660	301.2
57670	301.22
57680	301.2
57690	301.21
57700	301.22
57710	301.2
57720	301.2
57730	301.23
57740	301.27
57750	301.26
57760	301.31
57770	301.33
57780	301.32
57790	301.34
57800	301.32
57810	301.35
57820	301.39
57830	301.42
57840	301.4
57850	301.41
57860	301.37
57870	301.35
57880	301.37
57890	301.34
57900	301.38
57910	301.42
57920	301.42
57930	301.46
57940	301.49
57950	301.54
57960	301.58
57970	301.61
57980	301.61
57990	301.57
58000	301.59
58010	301.61
58020	301.6
58030	301.58
58040	301.55
58050	301.59
58060	301.58
58070	301.59
58080	301.61
58090	301.63
58100	301.64
58110	301.65
58120	301.68
58130	301.71
58140	301.72
58150	301.73
58160	301.73
58170	301.71
58180	301.74
58190	301.76
58200	301.74
58210	301.74
58220	301.74
58230	301.75
58240	301.77
58250	301.81
58260	301.85
58270	301.88
58280	301.88
58290	301.91
58300	301.92
58310	301.94
58320	301.94
58330	301.93
58340	301.92
58350	301.95
58360	301.96
58370	301.94
58380	301.95
58390	301.99
58400	301.97
58410	301.97
58420	301.96
58430	302.0
58440	302.03
58450	302.09
58460	302.12
58470	302.14
58480	302.15
58490	302.13
58500	302.15
58510	302.19
58520	302.21
58530	302.21
58540	302.23
58550	302.25
58560	302.31
58570	302.29
58580	302.3
58590	302.3
58600	302.27
58610	302.27
58620	302.26
58630	302.26
58640	302.29
58650	302.35
58660	302.37
58670	302.38
58680	302.42
58690	302.43
58700	302.41
58710	302.42
58720	302.45
58730	302.47
58740	302.49
58750	302.5
58760	302.52
58770	302.52
58780	302.55
58790	302.57
58800	302.6
58810	302.6
58820	302.64
58830	302.67
58840	302.68
58850	302.68
58860	302.64
58870	302.63
58880	302.66
58890	302.67
58900	302.68
58910	302.66
58920	302.66
58930	302.65
58940	302.63
58950	302.64
58960	302.63
58970	302.64
58980	302.64
58990	302.66
59000	302.66
59010	302.66
59020	302.67
59030	302.69
59040	302.68
59050	302.69
59060	302.67
59070	302.67
59080	302.69
59090	302.7
59100	302.72
59110	302.75
59120	302.79
59130	302.81
59140	302.84
59150	302.89
59160	302.9
59170	302.92
59180	302.94
59190	302.91
59200	302.94
59210	302.97
59220	302.99
59230	303.0
59240	302.99
59250	303.02
59260	302.99
59270	302.99
59280	303.01
59290	303.02
59300	303.03
59310	303.02
59320	303.03
59330	303.04
59340	303.04
59350	303.05
59360	303.06
59370	303.1
59380	303.12
59390	303.11
59400	303.15
59410	303.18
59420	303.19
59430	303.21
59440	303.2
59450	303.21
59460	303.16
59470	303.17
59480	303.19
59490	303.2
59500	303.24
59510	303.26
59520	303.29
59530	303.26
59540	303.32
59550	303.36
59560	303.37
59570	303.39
59580	303.41
59590	303.46
59600	303.46
59610	303.48
59620	303.5
59630	303.51
59640	303.52
59650	303.52
59660	303.55
59670	303.52
59680	303.49
59690	303.51
59700	303.53
59710	303.55
59720	303.59
59730	303.61
59740	303.58
59750	303.58
59760	303.61
59770	303.63
59780	303.66
59790	303.63
59800	303.6
59810	303.61
59820	303.63
59830	303.69
59840	303.68
59850	303.69
59860	303.7
59870	303.72
59880	303.77
59890	303.79
59900	303.8
59910	303.81
59920	303.86
59930	303.84
59940	303.84
59950	303.83
59960	303.81
59970	303.82
59980	303.85
59990	303.87
60000	303.86
