10	0.48
20	0.78
30	0.93
40	1.18
50	1.66
60	1.99
70	2.19
80	2.66
90	2.96
100	3.32
110	3.76
120	4.21
130	4.51
140	4.88
150	5.21
160	5.39
170	5.78
180	6.26
190	6.66
200	7.03
210	7.38
220	7.68
230	8.2
240	8.45
250	8.8
260	9.27
270	9.57
280	9.96
290	10.33
300	10.66
310	11.22
320	11.57
330	12.0
340	12.45
350	12.85
360	13.27
370	13.84
380	14.23
390	14.83
400	15.41
410	15.63
420	15.79
430	15.79
440	15.88
450	16.06
460	16.55
470	17.03
480	17.27
490	17.69
500	17.98
510	18.43
520	18.72
530	19.07
540	19.55
550	19.77
560	20.31
570	20.79
580	21.19
590	21.44
600	21.82
610	22.06
620	22.27
630	22.59
640	22.78
650	23.08
660	23.29
670	23.68
680	24.1
690	24.4
700	24.85
710	25.3
720	25.5
730	25.99
740	26.62
750	26.96
760	27.58
770	28.0
780	28.47
790	28.86
800	29.44
810	29.83
820	30.16
830	30.59
840	31.17
850	31.57
860	32.22
870	32.85
880	33.16
890	33.57
900	33.81
910	34.45
920	34.85
930	35.28
940	35.44
950	35.56
960	36.0
970	36.43
980	36.63
990	36.87
1000	37.43
1010	37.92
1020	38.31
1030	38.75
1040	39.19
1050	39.8
1060	40.31
1070	40.7
1080	41.02
1090	41.41
1100	41.86
1110	42.23
1120	42.78
1130	43.37
1140	43.93
1150	44.15
1160	44.83
1170	44.86
1180	44.86
1190	44.86
1200	44.86
1210	45.0
1220	45.42
1230	45.7
1240	46.06
1250	46.58
1260	46.93
1270	47.35
1280	47.86
1290	48.37
1300	48.74
1310	49.04
1320	49.61
1330	50.08
1340	50.38
1350	50.82
1360	51.13
1370	51.44
1380	51.9
1390	52.42
1400	52.88
1410	53.4
1420	53.88
1430	54.18
1440	54.58
1450	55.14
1460	55.44
1470	55.89
1480	56.5
1490	56.88
1500	57.27
1510	57.51
1520	58.0
1530	58.36
1540	58.88
1550	59.37
1560	59.77
1570	60.01
1580	60.42
1590	61.13
1600	61.65
1610	62.12
1620	62.39
1630	62.66
1640	63.15
1650	63.72
1660	64.19
1670	64.45
1680	64.96
1690	65.35
1700	65.7
1710	65.98
1720	66.46
1730	67.08
1740	67.44
1750	67.78
1760	68.09
1770	68.42
1780	68.7
1790	68.99
1800	69.57
1810	70.13
1820	70.43
1830	70.76
1840	71.18
1850	71.69
1860	71.91
1870	72.44
1880	72.82
1890	73.28
1900	73.71
1910	74.0
1920	74.44
1930	74.73
1940	74.97
1950	75.39
1960	75.74
1970	76.02
1980	76.34
1990	76.58
2000	76.94
2010	77.38
2020	77.92
2030	78.34
2040	78.63
2050	79.17
2060	79.51
2070	80.08
2080	80.47
2090	81.15
2100	81.49
2110	81.91
2120	82.34
2130	82.82
2140	83.17
2150	83.59
2160	84.03
2170	84.43
2180	84.9
2190	85.33
2200	85.61
2210	86.14
2220	86.53
2230	86.78
2240	87.18
2250	87.55
2260	88.01
2270	88.44
2280	88.79
2290	89.32
2300	89.46
2310	89.88
2320	90.18
2330	90.41
2340	90.74
2350	90.93
2360	91.31
2370	91.63
2380	92.02
2390	92.5
2400	92.79
2410	93.23
2420	93.54
2430	93.97
2440	93.97
2450	93.97
2460	93.97
2470	93.97
2480	93.97
2490	93.97
2500	94.24
2510	94.62
2520	95.09
2530	95.59
2540	95.73
2550	96.22
2560	96.32
2570	96.62
2580	97.0
2590	97.48
2600	97.87
2610	98.23
2620	98.58
2630	99.0
2640	99.38
2650	99.71
2660	100.33
2670	100.77
2680	101.02
2690	101.58
2700	101.83
2710	102.22
2720	102.64
2730	103.24
2740	103.48
2750	103.92
2760	104.29
2770	104.24
2780	104.64
2790	104.87
2800	105.44
2810	105.92
2820	106.44
2830	106.84
2840	107.16
2850	107.58
2860	107.9
2870	108.43
2880	108.67
2890	109.21
2900	109.6
2910	110.12
2920	110.63
2930	111.08
2940	111.68
2950	111.88
2960	112.41
2970	112.71
2980	113.1
2990	113.35
3000	114.1
3010	114.42
3020	114.92
3030	115.38
3040	115.84
3050	116.32
3060	116.62
3070	117.05
3080	117.39
3090	117.75
3100	118.15
3110	118.59
3120	118.98
3130	119.41
3140	119.73
3150	120.08
3160	120.51
3170	120.94
3180	121.27
3190	121.71
3200	122.15
3210	122.52
3220	122.78
3230	123.39
3240	123.61
3250	123.96
3260	124.26
3270	124.39
3280	124.83
3290	125.2
3300	125.55
3310	125.84
3320	126.22
3330	126.43
3340	126.78
3350	127.28
3360	127.63
3370	127.86
3380	128.11
3390	128.37
3400	128.81
3410	129.23
3420	129.66
3430	129.91
3440	130.18
3450	130.64
3460	131.02
3470	131.41
3480	131.87
3490	132.34
3500	132.94
3510	133.46
3520	133.87
3530	134.3
3540	134.51
3550	134.78
3560	135.24
3570	135.67
3580	135.74
3590	136.02
3600	136.29
3610	136.63
3620	136.93
3630	137.42
3640	137.98
3650	138.39
3660	138.91
3670	139.26
3680	139.36
3690	139.73
3700	140.25
3710	140.48
3720	140.79
3730	141.09
3740	141.51
3750	141.98
3760	142.47
3770	142.67
3780	142.94
3790	143.36
3800	143.77
3810	144.24
3820	144.36
3830	144.71
3840	145.05
3850	145.37
3860	145.67
3870	146.07
3880	146.31
3890	146.54
3900	146.96
3910	147.23
3920	147.76
3930	148.3
3940	148.64
3950	148.95
3960	149.13
3970	149.45
3980	149.96
3990	150.38
4000	150.8
4010	151.05
4020	151.56
4030	152.01
4040	152.39
4050	152.64
4060	153.16
4070	153.6
4080	153.89
4090	154.16
4100	154.63
4110	154.94
4120	155.14
4130	155.62
4140	155.84
4150	156.28
4160	156.64
4170	156.9
4180	157.24
4190	157.57
4200	157.97
4210	158.17
4220	158.64
4230	159.03
4240	159.29
4250	159.85
4260	160.13
4270	160.58
4280	161.01
4290	161.41
4300	161.85
4310	162.34
4320	162.64
4330	163.11
4340	163.6
4350	163.8
4360	164.13
4370	164.5
4380	164.89
4390	165.01
4400	165.47
4410	165.98
4420	166.25
4430	166.52
4440	166.9
4450	167.2
4460	167.53
4470	167.65
4480	167.95
4490	168.22
4500	168.52
4510	168.63
4520	169.04
4530	169.31
4540	169.58
4550	169.65
4560	169.75
4570	169.96
4580	170.14
4590	170.21
4600	170.29
4610	170.39
4620	170.52
4630	170.57
4640	170.66
4650	170.75
4660	171.0
4670	171.25
4680	171.42
4690	171.79
4700	172.0
4710	172.31
4720	172.81
4730	172.96
4740	173.17
4750	173.46
4760	173.88
4770	173.97
4780	174.09
4790	174.19
4800	174.35
4810	174.58
4820	174.72
4830	175.03
4840	175.17
4850	175.23
4860	175.48
4870	175.71
4880	176.01
4890	176.34
4900	176.49
4910	176.75
4920	176.93
4930	177.1
4940	177.23
4950	177.46
4960	177.49
4970	177.66
4980	177.84
4990	178.13
5000	178.36
5010	178.43
5020	178.51
5030	178.57
5040	178.73
5050	178.79
5060	178.8
5070	178.91
5080	179.19
5090	179.22
5100	179.31
5110	179.41
5120	179.51
5130	179.57
5140	179.65
5150	179.78
5160	180.0
5170	180.06
5180	180.14
5190	180.22
5200	180.34
5210	180.38
5220	180.49
5230	180.64
5240	180.66
5250	180.67
5260	180.89
5270	181.0
5280	181.0
5290	181.11
5300	181.15
5310	181.25
5320	181.4
5330	181.45
5340	181.56
5350	181.64
5360	181.75
5370	181.81
5380	181.86
5390	182.05
5400	182.23
5410	182.33
5420	182.43
5430	182.54
5440	182.59
5450	182.74
5460	182.9
5470	182.98
5480	183.07
5490	183.08
5500	183.18
5510	183.28
5520	183.33
5530	183.33
5540	183.44
5550	183.54
5560	183.56
5570	183.65
5580	183.77
5590	183.81
5600	183.88
5610	183.83
5620	183.91
5630	184.08
5640	184.19
5650	184.26
5660	184.33
5670	184.4
5680	184.48
5690	184.58
5700	184.66
5710	184.65
5720	184.73
5730	184.85
5740	185.01
5750	185.08
5760	185.17
5770	185.29
5780	185.36
5790	185.44
5800	185.57
5810	185.73
5820	185.79
5830	185.75
5840	185.78
5850	185.81
5860	185.86
5870	185.96
5880	185.98
5890	186.11
5900	186.3
5910	186.42
5920	186.55
5930	186.72
5940	186.9
5950	187.0
5960	187.1
5970	187.15
5980	187.2
5990	187.29
6000	187.42
6010	187.45
6020	187.44
6030	187.49
6040	187.53
6050	187.59
6060	187.76
6070	187.88
6080	188.01
6090	188.05
6100	188.1
6110	188.13
6120	188.2
6130	188.23
6140	188.38
6150	188.34
6160	188.42
6170	188.55
6180	188.67
6190	188.77
6200	188.87
6210	188.95
6220	189.01
6230	189.11
6240	189.15
6250	189.14
6260	189.18
6270	189.23
6280	189.24
6290	189.33
6300	189.51
6310	189.6
6320	189.66
6330	189.75
6340	189.7
6350	189.83
6360	189.88
6370	189.88
6380	189.9
6390	189.94
6400	190.04
6410	190.15
6420	190.12
6430	190.17
6440	190.28
6450	190.25
6460	190.32
6470	190.35
6480	190.29
6490	190.36
6500	190.46
6510	190.49
6520	190.6
6530	190.71
6540	190.74
6550	190.78
6560	190.9
6570	190.91
6580	191.01
6590	191.05
6600	191.11
6610	191.17
6620	191.28
6630	191.31
6640	191.39
6650	191.48
6660	191.54
6670	191.55
6680	191.61
6690	191.67
6700	191.67
6710	191.71
6720	191.76
6730	191.84
6740	191.9
6750	191.98
6760	191.95
6770	192.04
6780	192.12
6790	192.23
6800	192.31
6810	192.36
6820	192.48
6830	192.52
6840	192.61
6850	192.61
6860	192.75
6870	192.8
6880	192.87
6890	192.92
6900	193.01
6910	193.11
6920	193.19
6930	193.18
6940	193.24
6950	193.23
6960	193.2
6970	193.15
6980	193.23
6990	193.29
7000	193.33
7010	193.31
7020	193.38
7030	193.45
7040	193.57
7050	193.68
7060	193.75
7070	193.79
7080	193.84
7090	193.86
7100	193.97
7110	194.04
7120	194.1
7130	194.23
7140	194.28
7150	194.29
7160	194.37
7170	194.44
7180	194.44
7190	194.49
7200	194.55
7210	194.6
7220	194.7
7230	194.74
7240	194.78
7250	194.91
7260	195.03
7270	195.25
7280	195.32
7290	195.37
7300	195.39
7310	195.43
7320	195.49
7330	195.49
7340	195.48
7350	195.58
7360	195.61
7370	195.63
7380	195.62
7390	195.66
7400	195.73
7410	195.87
7420	195.97
7430	196.06
7440	196.16
7450	196.22
7460	196.31
7470	196.36
7480	196.41
7490	196.47
7500	196.57
7510	196.63
7520	196.68
7530	196.76
7540	196.82
7550	196.91
7560	197.03
7570	197.11
7580	197.19
7590	197.22
7600	197.34
7610	197.47
7620	197.49
7630	197.51
7640	197.65
7650	197.72
7660	197.78
7670	197.87
7680	197.95
7690	197.95
7700	197.99
7710	198.05
7720	198.17
7730	198.25
7740	198.32
7750	198.37
7760	198.46
7770	198.52
7780	198.47
7790	198.53
7800	198.53
7810	198.67
7820	198.79
7830	198.9
7840	198.9
7850	198.97
7860	199.08
7870	199.09
7880	199.15
7890	199.3
7900	199.38
7910	199.48
7920	199.53
7930	199.56
7940	199.6
7950	199.67
7960	199.7
7970	199.85
7980	199.9
7990	200.04
8000	200.08
8010	200.21
8020	200.27
8030	200.37
8040	200.43
8050	200.46
8060	200.55
8070	200.52
8080	200.59
8090	200.66
8100	200.76
8110	200.8
8120	200.87
8130	201.0
8140	200.99
8150	200.99
8160	201.06
8170	201.17
8180	201.29
8190	201.32
8200	201.4
8210	201.51
8220	201.59
8230	201.57
8240	201.65
8250	201.69
8260	201.73
8270	201.71
8280	201.88
8290	201.94
8300	202.03
8310	202.17
8320	202.22
8330	202.26
8340	202.43
8350	202.46
8360	202.61
8370	202.7
8380	202.82
8390	202.96
8400	202.93
8410	203.04
8420	203.09
8430	203.15
8440	203.19
8450	203.19
8460	203.23
8470	203.39
8480	203.48
8490	203.55
8500	203.62
8510	203.7
8520	203.72
8530	203.81
8540	203.94
8550	204.08
8560	204.09
8570	204.13
8580	204.14
8590	204.17
8600	204.21
8610	204.31
8620	204.44
8630	204.48
8640	204.57
8650	204.7
8660	204.76
8670	204.8
8680	204.84
8690	204.9
8700	204.98
8710	205.03
8720	205.09
8730	205.1
8740	205.21
8750	205.3
8760	205.31
8770	205.38
8780	205.47
8790	205.48
8800	205.53
8810	205.49
8820	205.59
8830	205.68
8840	205.75
8850	205.84
8860	205.85
8870	205.94
8880	206.03
8890	206.03
8900	206.05
8910	206.05
8920	206.09
8930	206.14
8940	206.23
8950	206.33
8960	206.42
8970	206.49
8980	206.51
8990	206.54
9000	206.58
9010	206.57
9020	206.67
9030	206.74
9040	206.81
9050	206.85
9060	206.87
9070	207.0
9080	207.08
9090	207.09
9100	207.21
9110	207.19
9120	207.3
9130	207.43
9140	207.48
9150	207.53
9160	207.57
9170	207.63
9180	207.72
9190	207.86
9200	207.93
9210	208.05
9220	208.15
9230	208.28
9240	208.29
9250	208.35
9260	208.36
9270	208.49
9280	208.49
9290	208.56
9300	208.64
9310	208.77
9320	208.84
9330	208.86
9340	208.87
9350	208.96
9360	208.99
9370	209.14
9380	209.19
9390	209.33
9400	209.4
9410	209.47
9420	209.56
9430	209.64
9440	209.73
9450	209.8
9460	209.85
9470	209.94
9480	210.03
9490	210.05
9500	210.17
9510	210.29
9520	210.32
9530	210.43
9540	210.57
9550	210.66
9560	210.7
9570	210.8
9580	210.87
9590	210.99
9600	211.05
9610	211.11
9620	211.14
9630	211.2
9640	211.31
9650	211.37
9660	211.43
9670	211.54
9680	211.58
9690	211.68
9700	211.75
9710	211.9
9720	212.09
9730	212.13
9740	212.18
9750	212.26
9760	212.25
9770	212.22
9780	212.24
9790	212.22
9800	212.29
9810	212.36
9820	212.45
9830	212.51
9840	212.6
9850	212.68
9860	212.73
9870	212.78
9880	212.88
9890	213.03
9900	213.01
9910	213.05
9920	213.2
9930	213.26
9940	213.34
9950	213.45
9960	213.53
9970	213.56
9980	213.6
9990	213.64
10000	213.7
10010	213.75
10020	213.85
10030	213.86
10040	213.95
10050	214.04
10060	214.1
10070	214.21
10080	214.27
10090	214.39
10100	214.47
10110	214.5
10120	214.5
10130	214.52
10140	214.56
10150	214.58
10160	214.66
10170	214.82
10180	214.87
10190	214.94
10200	215.03
10210	215.17
10220	215.21
10230	215.28
10240	215.34
10250	215.39
10260	215.48
10270	215.44
10280	215.51
10290	215.62
10300	215.78
10310	215.93
10320	216.02
10330	216.1
10340	216.2
10350	216.25
10360	216.32
10370	216.44
10380	216.45
10390	216.54
10400	216.76
10410	216.85
10420	216.93
10430	216.93
10440	216.97
10450	216.97
10460	217.05
10470	217.13
10480	217.15
10490	217.27
10500	217.33
10510	217.37
10520	217.45
10530	217.59
10540	217.69
10550	217.71
10560	217.75
10570	217.69
10580	217.75
10590	217.75
10600	217.83
10610	217.82
10620	217.91
10630	217.93
10640	217.95
10650	217.91
10660	217.86
10670	217.98
10680	218.06
10690	218.13
10700	218.12
10710	218.24
10720	218.31
10730	218.38
10740	218.36
10750	218.35
10760	218.38
10770	218.57
10780	218.68
10790	218.7
10800	218.73
10810	218.79
10820	218.86
10830	218.95
10840	219.06
10850	219.04
10860	219.16
10870	219.27
10880	219.37
10890	219.43
10900	219.52
10910	219.61
10920	219.69
10930	219.76
10940	219.82
10950	219.89
10960	219.88
10970	220.0
10980	220.08
10990	220.21
11000	220.26
11010	220.31
11020	220.43
11030	220.56
11040	220.64
11050	220.65
11060	220.68
11070	220.73
11080	220.83
11090	220.89
11100	220.98
11110	220.99
11120	221.07
11130	221.15
11140	221.21
11150	221.35
11160	221.37
11170	221.44
11180	221.51
11190	221.66
11200	221.67
11210	221.86
11220	221.93
11230	221.97
11240	222.08
11250	222.16
11260	222.17
11270	222.24
11280	222.35
11290	222.42
11300	222.45
11310	222.48
11320	222.5
11330	222.64
11340	222.73
11350	222.8
11360	222.88
11370	222.87
11380	222.93
11390	222.99
11400	223.02
11410	223.06
11420	223.05
11430	223.09
11440	223.14
11450	223.2
11460	223.36
11470	223.36
11480	223.4
11490	223.52
11500	223.57
11510	223.57
11520	223.66
11530	223.73
11540	223.77
11550	223.87
11560	223.9
11570	223.97
11580	224.11
11590	224.2
11600	224.28
11610	224.37
11620	224.45
11630	224.48
11640	224.58
11650	224.65
11660	224.7
11670	224.73
11680	224.79
11690	224.87
11700	224.87
11710	224.95
11720	225.01
11730	225.03
11740	225.11
11750	225.18
11760	225.22
11770	225.3
11780	225.31
11790	225.28
11800	225.28
11810	225.34
11820	225.4
11830	225.5
11840	225.62
11850	225.73
11860	225.71
11870	225.78
11880	225.84
11890	225.87
11900	225.9
11910	225.93
11920	225.96
11930	226.05
11940	226.04
11950	226.13
11960	226.28
11970	226.38
11980	226.52
11990	226.62
12000	226.65
12010	226.72
12020	226.82
12030	226.97
12040	227.02
12050	227.06
12060	227.18
12070	227.24
12080	227.33
12090	227.44
12100	227.55
12110	227.69
12120	227.81
12130	227.85
12140	227.94
12150	228.0
12160	228.17
12170	228.21
12180	228.33
12190	228.39
12200	228.4
12210	228.43
12220	228.53
12230	228.58
12240	228.64
12250	228.72
12260	228.75
12270	228.85
12280	228.9
12290	229.03
12300	229.12
12310	229.18
12320	229.25
12330	229.21
12340	229.32
12350	229.41
12360	229.45
12370	229.53
12380	229.57
12390	229.7
12400	229.66
12410	229.73
12420	229.75
12430	229.77
12440	229.75
12450	229.82
12460	229.93
12470	229.95
12480	230.05
12490	230.06
12500	230.11
12510	230.34
12520	230.27
12530	230.28
12540	230.35
12550	230.4
12560	230.54
12570	230.6
12580	230.65
12590	230.63
12600	230.68
12610	230.75
12620	230.83
12630	230.87
12640	230.84
12650	230.91
12660	231.05
12670	231.01
12680	231.13
12690	231.11
12700	231.21
12710	231.33
12720	231.41
12730	231.48
12740	231.53
12750	231.47
12760	231.56
12770	231.74
12780	231.81
12790	231.92
12800	231.96
12810	232.0
12820	232.14
12830	232.2
12840	232.26
12850	232.33
12860	232.38
12870	232.39
12880	232.56
12890	232.61
12900	232.67
12910	232.74
12920	232.69
12930	232.76
12940	232.87
12950	232.95
12960	233.03
12970	233.13
12980	233.14
12990	233.24
13000	233.29
13010	233.4
13020	233.52
13030	233.62
13040	233.65
13050	233.77
13060	233.76
13070	233.83
13080	233.85
13090	233.91
13100	233.88
13110	233.93
13120	233.87
13130	233.99
13140	234.03
13150	234.06
13160	234.19
13170	234.22
13180	234.33
13190	234.47
13200	234.6
13210	234.71
13220	234.76
13230	234.89
13240	235.0
13250	235.1
13260	235.08
13270	235.14
13280	235.17
13290	235.18
13300	235.27
13310	235.4
13320	235.43
13330	235.53
13340	235.54
13350	235.6
13360	235.72
13370	235.82
13380	235.96
13390	236.06
13400	236.11
13410	236.14
13420	236.21
13430	236.3
13440	236.37
13450	236.33
13460	236.33
13470	236.33
13480	236.35
13490	236.39
13500	236.44
13510	236.5
13520	236.54
13530	236.63
13540	236.77
13550	236.77
13560	236.84
13570	236.85
13580	236.86
13590	237.0
13600	237.06
13610	237.16
13620	237.13
13630	237.2
13640	237.35
13650	237.44
13660	237.55
13670	237.61
13680	237.65
13690	237.67
13700	237.69
13710	237.74
13720	237.79
13730	237.86
13740	237.87
13750	237.9
13760	237.97
13770	238.04
13780	238.04
13790	238.18
13800	238.23
13810	238.25
13820	238.33
13830	238.39
13840	238.43
13850	238.55
13860	238.6
13870	238.64
13880	238.65
13890	238.71
13900	238.84
13910	238.88
13920	238.99
13930	239.06
13940	239.12
13950	239.2
13960	239.25
13970	239.3
13980	239.38
13990	239.52
14000	239.6
14010	239.65
14020	239.75
14030	239.82
14040	239.85
14050	239.93
14060	239.95
14070	239.98
14080	240.07
14090	240.15
14100	240.14
14110	240.22
14120	240.31
14130	240.39
14140	240.46
14150	240.55
14160	240.49
14170	240.58
14180	240.57
14190	240.63
14200	240.74
14210	240.78
14220	240.78
14230	240.92
14240	240.96
14250	241.09
14260	241.1
14270	241.16
14280	241.24
14290	241.36
14300	241.41
14310	241.5
14320	241.6
14330	241.66
14340	241.72
14350	241.73
14360	241.74
14370	241.83
14380	241.84
14390	241.84
14400	241.92
14410	241.94
14420	242.0
14430	242.05
14440	242.14
14450	242.18
14460	242.25
14470	242.43
14480	242.35
14490	242.41
14500	242.39
14510	242.44
14520	242.45
14530	242.5
14540	242.54
14550	242.57
14560	242.67
14570	242.7
14580	242.79
14590	242.88
14600	242.9
14610	243.01
14620	243.09
14630	243.19
14640	243.23
14650	243.19
14660	243.34
14670	243.38
14680	243.43
14690	243.53
14700	243.55
14710	243.7
14720	243.65
14730	243.78
14740	243.85
14750	243.95
14760	243.99
14770	244.16
14780	244.19
14790	244.27
14800	244.29
14810	244.36
14820	244.46
14830	244.47
14840	244.54
14850	244.63
14860	244.7
14870	244.79
14880	244.86
14890	244.92
14900	244.94
14910	244.96
14920	245.01
14930	245.07
14940	245.08
14950	245.09
14960	245.11
14970	245.18
14980	245.25
14990	245.37
15000	245.49
15010	245.59
15020	245.62
15030	245.67
15040	245.69
15050	245.74
15060	245.76
15070	245.85
15080	245.84
15090	245.99
15100	246.09
15110	246.19
15120	246.32
15130	246.33
15140	246.46
15150	246.47
15160	246.48
15170	246.55
15180	246.64
15190	246.69
15200	246.71
15210	246.7
15220	246.73
15230	246.86
15240	246.9
15250	247.0
15260	247.14
15270	247.2
15280	247.31
15290	247.41
15300	247.44
15310	247.54
15320	247.58
15330	247.64
15340	247.68
15350	247.75
15360	247.87
15370	247.89
15380	247.9
15390	247.89
15400	247.97
15410	248.04
15420	248.1
15430	248.22
15440	248.25
15450	248.31
15460	248.39
15470	248.39
15480	248.48
15490	248.49
15500	248.57
15510	248.71
15520	248.7
15530	248.79
15540	248.82
15550	248.85
15560	249.03
15570	249.13
15580	249.24
15590	249.18
15600	249.27
15610	249.33
15620	249.3
15630	249.35
15640	249.4
15650	249.47
15660	249.52
15670	249.57
15680	249.61
15690	249.63
15700	249.72
15710	249.79
15720	249.9
15730	249.93
15740	249.99
15750	250.01
15760	250.04
15770	250.08
15780	250.24
15790	250.39
15800	250.45
15810	250.55
15820	250.58
15830	250.67
15840	250.82
15850	250.88
15860	250.97
15870	250.93
15880	251.05
15890	251.11
15900	251.17
15910	251.21
15920	251.35
15930	251.39
15940	251.44
15950	251.48
15960	251.52
15970	251.58
15980	251.57
15990	251.66
16000	251.72
16010	251.78
16020	251.8
16030	251.94
16040	252.05
16050	252.12
16060	252.21
16070	252.2
16080	252.16
16090	252.22
16100	252.25
16110	252.23
16120	252.39
16130	252.41
16140	252.51
16150	252.57
16160	252.52
16170	252.58
16180	252.63
16190	252.73
16200	252.81
16210	252.9
16220	252.84
16230	252.95
16240	252.98
16250	253.02
16260	253.16
16270	253.22
16280	253.2
16290	253.21
16300	253.36
16310	253.43
16320	253.48
16330	253.48
16340	253.63
16350	253.68
16360	253.82
16370	253.9
16380	253.97
16390	254.0
16400	254.02
16410	254.11
16420	254.09
16430	254.13
16440	254.25
16450	254.28
16460	254.37
16470	254.37
16480	254.45
16490	254.52
16500	254.57
16510	254.59
16520	254.66
16530	254.65
16540	254.68
16550	254.73
16560	254.82
16570	254.98
16580	255.07
16590	255.13
16600	255.25
16610	255.31
16620	255.36
16630	255.37
16640	255.48
16650	255.51
16660	255.56
16670	255.65
16680	255.69
16690	255.83
16700	255.93
16710	255.99
16720	256.07
16730	256.18
16740	256.24
16750	256.31
16760	256.45
16770	256.44
16780	256.47
16790	256.51
16800	256.54
16810	256.53
16820	256.58
16830	256.67
16840	256.68
16850	256.76
16860	256.76
16870	256.86
16880	256.9
16890	256.93
16900	257.03
16910	257.12
16920	257.19
16930	257.28
16940	257.3
16950	257.32
16960	257.36
16970	257.36
16980	257.46
16990	257.58
17000	257.57
17010	257.62
17020	257.7
17030	257.77
17040	257.84
17050	257.82
17060	257.91
17070	257.97
17080	258.0
17090	258.09
17100	258.24
17110	258.3
17120	258.45
17130	258.49
17140	258.56
17150	258.62
17160	258.69
17170	258.71
17180	258.83
17190	258.87
17200	258.97
17210	259.05
17220	259.19
17230	259.24
17240	259.27
17250	259.36
17260	259.35
17270	259.5
17280	259.52
17290	259.65
17300	259.71
17310	259.82
17320	259.79
17330	259.82
17340	259.87
17350	259.89
17360	259.9
17370	259.99
17380	260.09
17390	260.14
17400	260.14
17410	260.19
17420	260.26
17430	260.41
17440	260.34
17450	260.42
17460	260.55
17470	260.7
17480	260.78
17490	260.84
17500	260.92
17510	260.96
17520	260.99
17530	261.04
17540	261.12
17550	261.3
17560	261.41
17570	261.48
17580	261.57
17590	261.62
17600	261.69
17610	261.72
17620	261.73
17630	261.77
17640	261.9
17650	261.96
17660	261.94
17670	261.98
17680	262.08
17690	262.1
17700	262.13
17710	262.23
17720	262.29
17730	262.31
17740	262.33
17750	262.43
17760	262.51
17770	262.69
17780	262.75
17790	262.84
17800	262.9
17810	262.92
17820	263.0
17830	263.05
17840	263.06
17850	263.1
17860	263.16
17870	263.22
17880	263.32
17890	263.38
17900	263.42
17910	263.43
17920	263.62
17930	263.71
17940	263.81
17950	263.87
17960	263.95
17970	263.94
17980	264.0
17990	264.16
18000	264.3
18010	264.32
18020	264.37
18030	264.49
18040	264.57
18050	264.59
18060	264.81
18070	264.86
18080	264.95
18090	265.09
18100	265.13
18110	265.22
18120	265.28
18130	265.19
18140	265.19
18150	265.28
18160	265.38
18170	265.38
18180	265.44
18190	265.49
18200	265.53
18210	265.57
18220	265.65
18230	265.69
18240	265.69
18250	265.74
18260	265.72
18270	265.79
18280	265.86
18290	265.95
18300	266.03
18310	266.08
18320	266.09
18330	266.15
18340	266.25
18350	266.29
18360	266.38
18370	266.56
18380	266.67
18390	266.71
18400	266.73
18410	266.74
18420	266.88
18430	266.98
18440	267.06
18450	267.21
18460	267.31
18470	267.47
18480	267.55
18490	267.66
18500	267.79
18510	267.81
18520	267.87
18530	267.92
18540	268.0
18550	268.15
18560	268.17
18570	268.19
18580	268.29
18590	268.37
18600	268.46
18610	268.54
18620	268.64
18630	268.69
18640	268.78
18650	268.82
18660	268.91
18670	268.91
18680	269.0
18690	269.05
18700	269.1
18710	269.26
18720	269.25
18730	269.28
18740	269.34
18750	269.31
18760	269.46
18770	269.5
18780	269.46
18790	269.5
18800	269.64
18810	269.66
18820	269.77
18830	269.81
18840	269.9
18850	269.99
18860	270.02
18870	270.07
18880	270.14
18890	270.22
18900	270.24
18910	270.3
18920	270.3
18930	270.39
18940	270.38
18950	270.33
18960	270.33
18970	270.37
18980	270.48
18990	270.58
19000	270.72
19010	270.81
19020	270.83
19030	270.91
19040	270.99
19050	271.12
19060	271.19
19070	271.3
19080	271.33
19090	271.42
19100	271.49
19110	271.55
19120	271.62
19130	271.71
19140	271.77
19150	271.85
19160	271.86
19170	271.91
19180	271.94
19190	271.9
19200	271.97
19210	272.01
19220	272.11
19230	272.21
19240	272.26
19250	272.33
19260	272.44
19270	272.44
19280	272.41
19290	272.51
19300	272.55
19310	272.71
19320	272.77
19330	272.9
19340	273.0
19350	273.12
19360	273.16
19370	273.25
19380	273.39
19390	273.47
19400	273.6
19410	273.67
19420	273.7
19430	273.79
19440	273.85
19450	273.9
19460	274.01
19470	274.07
19480	274.22
19490	274.26
19500	274.37
19510	274.46
19520	274.54
19530	274.58
19540	274.62
19550	274.72
19560	274.79
19570	274.87
19580	274.91
19590	275.05
19600	275.1
19610	275.19
19620	275.34
19630	275.35
19640	275.42
19650	275.48
19660	275.56
19670	275.6
19680	275.65
19690	275.76
19700	275.84
19710	275.83
19720	275.88
19730	275.89
19740	276.01
19750	276.15
19760	276.3
19770	276.3
19780	276.37
19790	276.37
19800	276.44
19810	276.54
19820	276.57
19830	276.6
19840	276.65
19850	276.71
19860	276.72
19870	276.78
19880	276.85
19890	276.91
19900	276.95
19910	276.99
19920	277.21
19930	277.29
19940	277.21
19950	277.34
19960	277.41
19970	277.46
19980	277.49
19990	277.52
20000	277.6
20010	277.65
20020	277.7
20030	277.79
20040	277.87
20050	277.98
20060	278.07
20070	278.18
20080	278.21
20090	278.2
20100	278.24
20110	278.27
20120	278.22
20130	278.36
20140	278.4
20150	278.51
20160	278.55
20170	278.66
20180	278.68
20190	278.78
20200	278.85
20210	278.9
20220	279.0
20230	278.97
20240	278.99
20250	279.05
20260	279.08
20270	279.15
20280	279.22
20290	279.26
20300	279.34
20310	279.44
20320	279.54
20330	279.6
20340	279.7
20350	279.77
20360	279.72
20370	279.8
20380	279.93
20390	279.99
20400	280.05
20410	280.1
20420	280.14
20430	280.2
20440	280.24
20450	280.28
20460	280.44
20470	280.45
20480	280.56
20490	280.67
20500	280.73
20510	280.8
20520	280.95
20530	280.95
20540	280.96
20550	281.0
20560	281.05
20570	281.12
20580	281.1
20590	281.21
20600	281.21
20610	281.27
20620	281.27
20630	281.29
20640	281.33
20650	281.42
20660	281.45
20670	281.48
20680	281.5
20690	281.6
20700	281.62
20710	281.76
20720	281.9
20730	282.03
20740	282.12
20750	282.2
20760	282.27
20770	282.4
20780	282.42
20790	282.42
20800	282.44
20810	282.46
20820	282.52
20830	282.58
20840	282.66
20850	282.65
20860	282.62
20870	282.64
20880	282.7
20890	282.79
20900	282.83
20910	282.94
20920	283.0
20930	282.96
20940	283.0
20950	283.02
20960	283.1
20970	283.12
20980	283.13
20990	283.08
21000	283.09
21010	283.12
21020	283.14
21030	283.26
21040	283.33
21050	283.39
21060	283.44
21070	283.49
21080	283.6
21090	283.65
21100	283.63
21110	283.69
21120	283.72
21130	283.75
21140	283.73
21150	283.88
21160	283.96
21170	284.12
21180	284.17
21190	284.22
21200	284.32
21210	284.4
21220	284.59
21230	284.72
21240	284.74
21250	284.72
21260	284.78
21270	284.88
21280	284.93
21290	285.02
21300	285.05
21310	285.07
21320	285.17
21330	285.22
21340	285.2
21350	285.32
21360	285.49
21370	285.58
21380	285.6
21390	285.68
21400	285.79
21410	285.89
21420	285.96
21430	286.09
21440	286.16
21450	286.27
21460	286.28
21470	286.29
21480	286.33
21490	286.37
21500	286.45
21510	286.49
21520	286.4
21530	286.46
21540	286.5
21550	286.52
21560	286.59
21570	286.64
21580	286.68
21590	286.75
21600	286.84
21610	286.87
21620	286.98
21630	287.06
21640	287.16
21650	287.24
21660	287.29
21670	287.3
21680	287.38
21690	287.43
21700	287.57
21710	287.64
21720	287.71
21730	287.84
21740	287.88
21750	288.02
21760	288.2
21770	288.23
21780	288.22
21790	288.24
21800	288.36
21810	288.42
21820	288.53
21830	288.68
21840	288.79
21850	288.84
21860	288.91
21870	288.99
21880	289.02
21890	289.06
21900	289.13
21910	289.19
21920	289.31
21930	289.36
21940	289.41
21950	289.57
21960	289.59
21970	289.6
21980	289.58
21990	289.65
22000	289.76
22010	289.8
22020	289.9
22030	290.05
22040	290.08
22050	290.15
22060	290.23
22070	290.25
22080	290.3
22090	290.33
22100	290.43
22110	290.56
22120	290.61
22130	290.65
22140	290.74
22150	290.76
22160	290.72
22170	290.83
22180	290.89
22190	290.97
22200	291.04
22210	291.09
22220	291.16
22230	291.23
22240	291.34
22250	291.46
22260	291.57
22270	291.63
22280	291.7
22290	291.8
22300	291.91
22310	292.03
22320	292.17
22330	292.25
22340	292.31
22350	292.47
22360	292.61
22370	292.64
22380	292.64
22390	292.66
22400	292.77
22410	292.77
22420	292.91
22430	293.05
22440	293.09
22450	293.12
22460	293.17
22470	293.23
22480	293.16
22490	293.33
22500	293.36
22510	293.46
22520	293.46
22530	293.48
22540	293.59
22550	293.66
22560	293.69
22570	293.76
22580	293.86
22590	293.93
22600	294.06
22610	294.17
22620	294.16
22630	294.23
22640	294.26
22650	294.33
22660	294.4
22670	294.49
22680	294.55
22690	294.55
22700	294.58
22710	294.58
22720	294.63
22730	294.73
22740	294.83
22750	294.96
22760	294.89
22770	294.95
22780	295.03
22790	295.06
22800	295.15
22810	295.27
22820	295.35
22830	295.44
22840	295.53
22850	295.44
22860	295.43
22870	295.53
22880	295.65
22890	295.7
22900	295.69
22910	295.71
22920	295.8
22930	295.87
22940	296.03
22950	296.08
22960	296.1
22970	296.21
22980	296.2
22990	296.26
23000	296.3
23010	296.38
23020	296.53
23030	296.5
23040	296.54
23050	296.54
23060	296.59
23070	296.61
23080	296.66
23090	296.82
23100	296.89
23110	297.0
23120	297.07
23130	297.08
23140	297.12
23150	297.18
23160	297.2
23170	297.27
23180	297.32
23190	297.33
23200	297.37
23210	297.44
23220	297.55
23230	297.64
23240	297.73
23250	297.76
23260	297.84
23270	297.81
23280	297.89
23290	297.96
23300	298.04
23310	298.17
23320	298.24
23330	298.42
23340	298.49
23350	298.58
23360	298.58
23370	298.62
23380	298.68
23390	298.81
23400	298.82
23410	298.9
23420	299.0
23430	299.12
23440	299.13
23450	299.15
23460	299.33
23470	299.41
23480	299.43
23490	299.6
23500	299.63
23510	299.69
23520	299.7
23530	299.63
23540	299.66
23550	299.73
23560	299.81
23570	299.86
23580	299.93
23590	299.95
23600	300.01
23610	300.11
23620	300.22
23630	300.25
23640	300.29
23650	300.45
23660	300.48
23670	300.5
23680	300.57
23690	300.61
23700	300.66
23710	300.77
23720	300.82
23730	300.91
23740	301.04
23750	301.04
23760	300.99
23770	301.07
23780	301.16
23790	301.25
23800	301.36
23810	301.5
23820	301.62
23830	301.61
23840	301.64
23850	301.68
23860	301.78
23870	301.9
23880	301.98
23890	302.03
23900	302.08
23910	302.14
23920	302.24
23930	302.31
23940	302.4
23950	302.49
23960	302.61
23970	302.66
23980	302.72
23990	302.72
24000	302.77
24010	302.82
24020	302.9
24030	303.01
24040	303.11
24050	303.18
24060	303.26
24070	303.33
24080	303.41
24090	303.54
24100	303.67
24110	303.79
24120	303.87
24130	303.92
24140	304.07
24150	304.14
24160	304.19
24170	304.22
24180	304.31
24190	304.41
24200	304.48
24210	304.56
24220	304.63
24230	304.68
24240	304.67
24250	304.74
24260	304.86
24270	304.97
24280	305.05
24290	305.07
24300	305.16
24310	305.18
24320	305.29
24330	305.4
24340	305.42
24350	305.37
24360	305.41
24370	305.5
24380	305.66
24390	305.74
24400	305.82
24410	305.97
24420	306.03
24430	306.02
24440	306.14
24450	306.19
24460	306.24
24470	306.29
24480	306.31
24490	306.42
24500	306.58
24510	306.64
24520	306.65
24530	306.75
24540	306.82
24550	306.95
24560	307.01
24570	307.13
24580	307.1
24590	307.21
24600	307.22
24610	307.27
24620	307.36
24630	307.37
24640	307.41
24650	307.4
24660	307.5
24670	307.65
24680	307.72
24690	307.73
24700	307.81
24710	307.99
24720	308.01
24730	308.09
24740	308.15
24750	308.19
24760	308.16
24770	308.16
24780	308.28
24790	308.38
24800	308.41
24810	308.49
24820	308.64
24830	308.71
24840	308.78
24850	308.78
24860	308.81
24870	308.86
24880	308.89
24890	308.88
24900	308.93
24910	309.02
24920	309.18
24930	309.26
24940	309.28
24950	309.2
24960	309.26
24970	309.36
24980	309.43
24990	309.57
25000	309.64
25010	309.72
25020	309.78
25030	309.85
25040	309.81
25050	309.91
25060	309.95
25070	310.11
25080	310.23
25090	310.3
25100	310.39
25110	310.49
25120	310.59
25130	310.61
25140	310.69
25150	310.76
25160	310.83
25170	310.98
25180	310.99
25190	311.05
25200	311.06
25210	311.12
25220	311.13
25230	311.11
25240	311.2
25250	311.21
25260	311.35
25270	311.4
25280	311.48
25290	311.52
25300	311.52
25310	311.59
25320	311.62
25330	311.7
25340	311.73
25350	311.8
25360	311.92
25370	312.1
25380	312.11
25390	312.15
25400	312.18
25410	312.2
25420	312.29
25430	312.33
25440	312.38
25450	312.5
25460	312.65
25470	312.67
25480	312.77
25490	312.84
25500	312.93
25510	313.0
25520	313.01
25530	313.1
25540	313.15
25550	313.2
25560	313.28
25570	313.36
25580	313.46
25590	313.54
25600	313.58
25610	313.59
25620	313.71
25630	313.7
25640	313.69
25650	313.68
25660	313.77
25670	313.91
25680	313.93
25690	314.05
25700	314.08
25710	314.13
25720	314.16
25730	314.23
25740	314.24
25750	314.29
25760	314.3
25770	314.32
25780	314.42
25790	314.41
25800	314.45
25810	314.51
25820	314.51
25830	314.56
25840	314.6
25850	314.67
25860	314.77
25870	314.78
25880	314.79
25890	314.92
25900	315.0
25910	315.06
25920	315.08
25930	315.02
25940	315.11
25950	315.1
25960	315.11
25970	315.18
25980	315.22
25990	315.26
26000	315.24
26010	315.34
26020	315.38
26030	315.43
26040	315.51
26050	315.62
26060	315.61
26070	315.7
26080	315.7
26090	315.76
26100	315.81
26110	315.83
26120	315.99
26130	316.05
26140	316.06
26150	316.16
26160	316.28
26170	316.29
26180	316.36
26190	316.5
26200	316.7
26210	316.78
26220	316.78
26230	316.81
26240	316.8
26250	316.79
26260	316.82
26270	316.92
26280	317.02
26290	317.14
26300	317.23
26310	317.24
26320	317.28
26330	317.4
26340	317.52
26350	317.62
26360	317.67
26370	317.68
26380	317.76
26390	317.76
26400	317.83
26410	317.9
26420	318.04
26430	318.06
26440	318.2
26450	318.28
26460	318.34
26470	318.37
26480	318.43
26490	318.54
26500	318.6
26510	318.63
26520	318.71
26530	318.76
26540	318.8
26550	318.85
26560	318.96
26570	319.03
26580	319.02
26590	319.08
26600	319.12
26610	319.15
26620	319.18
26630	319.26
26640	319.24
26650	319.32
26660	319.35
26670	319.39
26680	319.45
26690	319.5
26700	319.51
26710	319.47
26720	319.51
26730	319.58
26740	319.6
26750	319.6
26760	319.7
26770	319.69
26780	319.65
26790	319.64
26800	319.79
26810	319.85
26820	319.86
26830	319.89
26840	319.97
26850	320.11
26860	320.23
26870	320.33
26880	320.38
26890	320.56
26900	320.62
26910	320.72
26920	320.81
26930	320.86
26940	320.86
26950	320.91
26960	321.0
26970	321.09
26980	321.23
26990	321.28
27000	321.36
27010	321.43
27020	321.54
27030	321.55
27040	321.71
27050	321.85
27060	321.84
27070	321.83
27080	321.92
27090	322.02
27100	321.97
27110	321.98
27120	322.01
27130	322.08
27140	322.14
27150	322.21
27160	322.22
27170	322.31
27180	322.39
27190	322.44
27200	322.53
27210	322.58
27220	322.68
27230	322.77
27240	322.84
27250	322.88
27260	322.83
27270	322.92
27280	322.91
27290	322.96
27300	323.03
27310	323.03
27320	323.01
27330	323.01
27340	323.19
27350	323.27
27360	323.35
27370	323.37
27380	323.57
27390	323.63
27400	323.7
27410	323.78
27420	323.9
27430	323.96
27440	324.03
27450	324.1
27460	324.17
27470	324.24
27480	324.29
27490	324.36
27500	324.36
27510	324.49
27520	324.55
27530	324.63
27540	324.64
27550	324.64
27560	324.64
27570	324.7
27580	324.8
27590	324.83
27600	324.93
27610	324.99
27620	325.04
27630	325.16
27640	325.27
27650	325.22
27660	325.29
27670	325.43
27680	325.53
27690	325.65
27700	325.72
27710	325.84
27720	325.96
27730	326.06
27740	326.21
27750	326.23
27760	326.31
27770	326.45
27780	326.55
27790	326.67
27800	326.77
27810	326.83
27820	326.93
27830	326.93
27840	326.99
27850	326.93
27860	327.01
27870	326.99
27880	327.03
27890	327.14
27900	327.12
27910	327.2
27920	327.22
27930	327.29
27940	327.33
27950	327.39
27960	327.46
27970	327.48
27980	327.55
27990	327.63
28000	327.63
28010	327.72
28020	327.77
28030	327.92
28040	327.96
28050	328.12
28060	328.12
28070	328.23
28080	328.35
28090	328.39
28100	328.39
28110	328.43
28120	328.45
28130	328.36
28140	328.46
28150	328.55
28160	328.59
28170	328.68
28180	328.69
28190	328.7
28200	328.74
28210	328.8
28220	328.9
28230	328.95
28240	329.04
28250	329.16
28260	329.17
28270	329.29
28280	329.33
28290	329.33
28300	329.37
28310	329.45
28320	329.51
28330	329.56
28340	329.74
28350	329.84
28360	329.89
28370	329.93
28380	330.08
28390	330.13
28400	330.27
28410	330.37
28420	330.4
28430	330.51
28440	330.64
28450	330.73
28460	330.81
28470	330.86
28480	330.95
28490	330.98
28500	331.05
28510	331.23
28520	331.27
28530	331.34
28540	331.46
28550	331.48
28560	331.56
28570	331.61
28580	331.68
28590	331.69
28600	331.72
28610	331.88
28620	331.88
28630	331.98
28640	332.16
28650	332.28
28660	332.3
28670	332.32
28680	332.33
28690	332.32
28700	332.42
28710	332.51
28720	332.56
28730	332.65
28740	332.69
28750	332.76
28760	332.84
28770	332.92
28780	332.99
28790	333.08
28800	333.23
28810	333.23
28820	333.32
28830	333.4
28840	333.42
28850	333.49
28860	333.56
28870	333.59
28880	333.69
28890	333.72
28900	333.86
28910	334.0
28920	334.09
28930	334.19
28940	334.29
28950	334.39
28960	334.52
28970	334.52
28980	334.62
28990	334.64
29000	334.66
29010	334.74
29020	334.78
29030	334.88
29040	334.87
29050	335.01
29060	335.09
29070	335.13
29080	335.25
29090	335.25
29100	335.31
29110	335.31
29120	335.37
29130	335.41
29140	335.44
29150	335.5
29160	335.55
29170	335.62
29180	335.75
29190	335.88
29200	335.96
29210	335.99
29220	336.06
29230	336.11
29240	336.16
29250	336.21
29260	336.27
29270	336.39
29280	336.55
29290	336.56
29300	336.67
29310	336.74
29320	336.65
29330	336.66
29340	336.63
29350	336.7
29360	336.77
29370	336.76
29380	336.89
29390	336.88
29400	336.85
29410	336.89
29420	336.95
29430	337.05
29440	337.12
29450	337.21
29460	337.34
29470	337.29
29480	337.32
29490	337.39
29500	337.41
29510	337.42
29520	337.46
29530	337.55
29540	337.56
29550	337.68
29560	337.78
29570	337.9
29580	337.89
29590	337.96
29600	338.08
29610	338.17
29620	338.3
29630	338.31
29640	338.42
29650	338.52
29660	338.63
29670	338.6
29680	338.69
29690	338.64
29700	338.66
29710	338.79
29720	338.8
29730	338.86
29740	338.98
29750	339.03
29760	339.06
29770	339.01
29780	339.16
29790	339.25
29800	339.35
29810	339.46
29820	339.51
29830	339.64
29840	339.73
29850	339.82
29860	339.95
29870	340.05
29880	340.08
29890	340.05
29900	340.13
29910	340.24
29920	340.22
29930	340.27
29940	340.21
29950	340.21
29960	340.35
29970	340.35
29980	340.39
29990	340.44
30000	340.45
30010	340.47
30020	340.47
30030	340.51
30040	340.58
30050	340.61
30060	340.67
30070	340.74
30080	340.75
30090	340.8
30100	340.77
30110	340.84
30120	340.99
30130	341.16
30140	341.13
30150	341.15
30160	341.2
30170	341.3
30180	341.29
30190	341.37
30200	341.47
30210	341.59
30220	341.6
30230	341.69
30240	341.77
30250	341.79
30260	341.87
30270	341.98
30280	341.95
30290	342.02
30300	342.06
30310	342.1
30320	342.15
30330	342.21
30340	342.24
30350	342.44
30360	342.56
30370	342.68
30380	342.73
30390	342.74
30400	342.74
30410	342.77
30420	342.85
30430	342.95
30440	343.01
30450	343.08
30460	343.15
30470	343.16
30480	343.24
30490	343.29
30500	343.31
30510	343.36
30520	343.47
30530	343.53
30540	343.56
30550	343.65
30560	343.66
30570	343.74
30580	343.83
30590	343.9
30600	343.99
30610	344.01
30620	344.12
30630	344.22
30640	344.3
30650	344.36
30660	344.4
30670	344.4
30680	344.49
30690	344.58
30700	344.71
30710	344.78
30720	344.85
30730	344.91
30740	344.96
30750	344.9
30760	344.97
30770	345.05
30780	345.18
30790	345.2
30800	345.31
30810	345.36
30820	345.41
30830	345.55
30840	345.57
30850	345.67
30860	345.75
30870	345.76
30880	345.74
30890	345.73
30900	345.74
30910	345.81
30920	345.8
30930	345.91
30940	345.97
30950	346.12
30960	346.13
30970	346.28
30980	346.36
30990	346.48
31000	346.58
31010	346.65
31020	346.7
31030	346.73
31040	346.85
31050	346.92
31060	346.99
31070	346.95
31080	346.98
31090	347.06
31100	347.1
31110	347.17
31120	347.24
31130	347.29
31140	347.27
31150	347.39
31160	347.46
31170	347.48
31180	347.56
31190	347.61
31200	347.71
31210	347.71
31220	347.81
31230	347.88
31240	347.98
31250	348.12
31260	348.13
31270	348.14
31280	348.12
31290	348.17
31300	348.25
31310	348.28
31320	348.26
31330	348.3
31340	348.36
31350	348.42
31360	348.61
31370	348.67
31380	348.71
31390	348.72
31400	348.9
31410	348.95
31420	349.11
31430	349.12
31440	349.17
31450	349.2
31460	349.24
31470	349.28
31480	349.37
31490	349.46
31500	349.58
31510	349.67
31520	349.71
31530	349.72
31540	349.77
31550	349.85
31560	349.9
31570	349.94
31580	349.94
31590	350.03
31600	350.11
31610	350.15
31620	350.25
31630	350.37
31640	350.43
31650	350.47
31660	350.43
31670	350.41
31680	350.51
31690	350.57
31700	350.66
31710	350.72
31720	350.79
31730	350.86
31740	350.87
31750	350.98
31760	350.99
31770	351.14
31780	351.16
31790	351.22
31800	351.24
31810	351.28
31820	351.36
31830	351.46
31840	351.59
31850	351.69
31860	351.81
31870	351.87
31880	351.99
31890	352.11
31900	352.19
31910	352.31
31920	352.44
31930	352.49
31940	352.57
31950	352.64
31960	352.74
31970	352.74
31980	352.8
31990	352.86
32000	353.0
32010	353.08
32020	353.11
32030	353.15
32040	353.27
32050	353.46
32060	353.53
32070	353.62
32080	353.7
32090	353.76
32100	353.81
32110	353.84
32120	353.87
32130	353.86
32140	353.9
32150	353.97
32160	354.02
32170	354.0
32180	354.06
32190	354.09
32200	354.11
32210	354.19
32220	354.23
32230	354.29
32240	354.39
32250	354.46
32260	354.53
32270	354.62
32280	354.55
32290	354.66
32300	354.7
32310	354.79
32320	354.83
32330	354.88
32340	354.92
32350	354.98
32360	354.94
32370	355.03
32380	355.03
32390	355.11
32400	355.22
32410	355.27
32420	355.36
32430	355.36
32440	355.43
32450	355.51
32460	355.5
32470	355.6
32480	355.61
32490	355.58
32500	355.62
32510	355.75
32520	355.72
32530	355.69
32540	355.72
32550	355.75
32560	355.86
32570	355.99
32580	355.99
32590	356.06
32600	356.1
32610	356.13
32620	356.24
32630	356.32
32640	356.3
32650	356.4
32660	356.44
32670	356.45
32680	356.47
32690	356.49
32700	356.54
32710	356.62
32720	356.77
32730	356.93
32740	356.96
32750	357.05
32760	357.14
32770	357.18
32780	357.22
32790	357.34
32800	357.4
32810	357.51
32820	357.54
32830	357.59
32840	357.65
32850	357.74
32860	357.85
32870	357.93
32880	358.06
32890	358.06
32900	358.18
32910	358.25
32920	358.39
32930	358.47
32940	358.59
32950	358.65
32960	358.68
32970	358.76
32980	358.83
32990	358.9
33000	358.96
33010	359.01
33020	359.09
33030	359.14
33040	359.23
33050	359.31
33060	359.42
33070	359.51
33080	359.5
33090	359.54
33100	359.54
33110	359.66
33120	359.68
33130	359.75
33140	359.89
33150	359.92
33160	360.04
33170	360.13
33180	360.21
33190	360.25
33200	360.25
33210	360.32
33220	360.39
33230	360.48
33240	360.51
33250	360.61
33260	360.65
33270	360.63
33280	360.78
33290	360.81
33300	360.91
33310	360.99
33320	361.07
33330	361.12
33340	361.11
33350	361.17
33360	361.22
33370	361.29
33380	361.36
33390	361.49
33400	361.66
33410	361.67
33420	361.75
33430	361.79
33440	361.89
33450	361.96
33460	362.07
33470	362.14
33480	362.24
33490	362.25
33500	362.34
33510	362.39
33520	362.5
33530	362.56
33540	362.67
33550	362.68
33560	362.83
33570	362.87
33580	362.84
33590	362.85
33600	362.92
33610	362.96
33620	363.1
33630	363.23
33640	363.24
33650	363.29
33660	363.36
33670	363.54
33680	363.59
33690	363.56
33700	363.67
33710	363.81
33720	363.91
33730	363.91
33740	363.99
33750	364.11
33760	364.2
33770	364.3
33780	364.31
33790	364.49
33800	364.56
33810	364.63
33820	364.67
33830	364.73
33840	364.76
33850	364.86
33860	364.93
33870	364.99
33880	365.07
33890	365.12
33900	365.2
33910	365.28
33920	365.33
33930	365.44
33940	365.45
33950	365.5
33960	365.56
33970	365.62
33980	365.65
33990	365.73
34000	365.76
34010	365.82
34020	365.88
34030	365.88
34040	365.95
34050	366.03
34060	366.04
34070	366.12
34080	366.12
34090	366.21
34100	366.36
34110	366.34
34120	366.45
34130	366.54
34140	366.66
34150	366.78
34160	366.81
34170	366.78
34180	366.89
34190	366.95
34200	367.0
34210	367.05
34220	367.13
34230	367.23
34240	367.2
34250	367.25
34260	367.31
34270	367.47
34280	367.56
34290	367.63
34300	367.64
34310	367.74
34320	367.81
34330	367.89
34340	367.93
34350	368.04
34360	368.11
34370	368.12
34380	368.2
34390	368.31
34400	368.34
34410	368.38
34420	368.52
34430	368.61
34440	368.63
34450	368.65
34460	368.75
34470	368.78
34480	368.86
34490	368.92
34500	368.99
34510	368.99
34520	369.05
34530	369.12
34540	369.18
34550	369.22
34560	369.33
34570	369.43
34580	369.39
34590	369.39
34600	369.42
34610	369.53
34620	369.5
34630	369.55
34640	369.67
34650	369.74
34660	369.81
34670	369.92
34680	369.98
34690	370.07
34700	370.13
34710	370.12
34720	370.2
34730	370.21
34740	370.22
34750	370.29
34760	370.46
34770	370.57
34780	370.57
34790	370.7
34800	370.88
34810	371.0
34820	370.98
34830	371.06
34840	371.14
34850	371.24
34860	371.32
34870	371.35
34880	371.44
34890	371.52
34900	371.64
34910	371.67
34920	371.73
34930	371.76
34940	371.95
34950	372.07
34960	372.11
34970	372.14
34980	372.22
34990	372.18
35000	372.23
35010	372.26
35020	372.33
35030	372.4
35040	372.52
35050	372.56
35060	372.64
35070	372.69
35080	372.74
35090	372.78
35100	372.84
35110	372.96
35120	372.98
35130	373.01
35140	373.13
35150	373.13
35160	373.21
35170	373.29
35180	373.32
35190	373.39
35200	373.45
35210	373.57
35220	373.61
35230	373.69
35240	373.75
35250	373.9
35260	374.04
35270	374.07
35280	374.11
35290	374.13
35300	374.2
35310	374.2
35320	374.31
35330	374.41
35340	374.48
35350	374.6
35360	374.68
35370	374.76
35380	374.87
35390	374.93
35400	374.98
35410	375.14
35420	375.17
35430	375.31
35440	375.38
35450	375.41
35460	375.53
35470	375.55
35480	375.59
35490	375.58
35500	375.61
35510	375.54
35520	375.64
35530	375.67
35540	375.73
35550	375.72
35560	375.79
35570	375.88
35580	375.98
35590	375.99
35600	376.01
35610	375.97
35620	376.07
35630	376.08
35640	376.06
35650	376.14
35660	376.27
35670	376.37
35680	376.46
35690	376.53
35700	376.58
35710	376.69
35720	376.84
35730	376.82
35740	376.9
35750	377.02
35760	376.99
35770	377.13
35780	377.22
35790	377.28
35800	377.37
35810	377.36
35820	377.48
35830	377.51
35840	377.51
35850	377.61
35860	377.7
35870	377.74
35880	377.8
35890	377.86
35900	377.91
35910	377.93
35920	378.05
35930	378.09
35940	378.21
35950	378.3
35960	378.33
35970	378.32
35980	378.3
35990	378.28
36000	378.2
36010	378.34
36020	378.39
36030	378.41
36040	378.48
36050	378.49
36060	378.58
36070	378.52
36080	378.63
36090	378.68
36100	378.8
36110	378.88
36120	378.88
36130	378.96
36140	378.97
36150	378.98
36160	378.99
36170	379.08
36180	379.15
36190	379.23
36200	379.26
36210	379.31
36220	379.25
36230	379.3
36240	379.39
36250	379.47
36260	379.35
36270	379.38
36280	379.55
36290	379.62
36300	379.66
36310	379.73
36320	379.82
36330	379.88
36340	379.96
36350	380.11
36360	380.27
36370	380.29
36380	380.4
36390	380.56
36400	380.63
36410	380.85
36420	380.89
36430	380.89
36440	381.05
36450	381.07
36460	381.15
36470	381.25
36480	381.31
36490	381.42
36500	381.54
36510	381.65
36520	381.76
36530	381.82
36540	381.9
36550	381.95
36560	381.98
36570	382.06
36580	382.14
36590	382.13
36600	382.13
36610	382.19
36620	382.37
36630	382.34
36640	382.32
36650	382.37
36660	382.46
36670	382.51
36680	382.43
36690	382.44
36700	382.5
36710	382.62
36720	382.66
36730	382.72
36740	382.88
36750	382.96
36760	383.04
36770	383.12
36780	383.18
36790	383.25
36800	383.29
36810	383.4
36820	383.37
36830	383.4
36840	383.5
36850	383.57
36860	383.62
36870	383.7
36880	383.78
36890	383.78
36900	383.83
36910	383.91
36920	383.86
36930	383.92
36940	384.02
36950	384.09
36960	384.08
36970	384.18
36980	384.23
36990	384.27
37000	384.3
37010	384.31
37020	384.34
37030	384.47
37040	384.53
37050	384.61
37060	384.75
37070	384.81
37080	384.88
37090	384.88
37100	384.96
37110	385.06
37120	385.03
37130	385.16
37140	385.28
37150	385.35
37160	385.38
37170	385.46
37180	385.64
37190	385.75
37200	385.85
37210	385.93
37220	385.98
37230	386.01
37240	386.07
37250	386.2
37260	386.36
37270	386.4
37280	386.5
37290	386.54
37300	386.62
37310	386.63
37320	386.71
37330	386.84
37340	386.91
37350	386.93
37360	386.95
37370	386.96
37380	386.96
37390	387.0
37400	387.05
37410	387.18
37420	387.23
37430	387.29
37440	387.31
37450	387.41
37460	387.49
37470	387.5
37480	387.59
37490	387.67
37500	387.75
37510	387.83
37520	387.88
37530	387.94
37540	388.0
37550	388.04
37560	388.14
37570	388.26
37580	388.31
37590	388.38
37600	388.4
37610	388.56
37620	388.67
37630	388.76
37640	388.82
37650	388.85
37660	388.92
37670	389.08
37680	389.13
37690	389.3
37700	389.45
37710	389.52
37720	389.55
37730	389.68
37740	389.66
37750	389.78
37760	389.85
37770	390.0
37780	389.99
37790	390.08
37800	390.2
37810	390.31
37820	390.38
37830	390.53
37840	390.53
37850	390.58
37860	390.65
37870	390.7
37880	390.75
37890	390.75
37900	390.82
37910	390.86
37920	390.94
37930	391.05
37940	391.23
37950	391.36
37960	391.41
37970	391.47
37980	391.55
37990	391.62
38000	391.78
38010	391.86
38020	391.94
38030	391.94
38040	391.98
38050	392.06
38060	392.16
38070	392.26
38080	392.28
38090	392.32
38100	392.4
38110	392.5
38120	392.59
38130	392.65
38140	392.71
38150	392.83
38160	392.95
38170	393.0
38180	393.08
38190	393.12
38200	393.22
38210	393.35
38220	393.42
38230	393.41
38240	393.43
38250	393.51
38260	393.57
38270	393.56
38280	393.61
38290	393.63
38300	393.71
38310	393.86
38320	393.84
38330	393.98
38340	394.01
38350	394.0
38360	394.01
38370	394.07
38380	394.17
38390	394.27
38400	394.39
38410	394.42
38420	394.57
38430	394.59
38440	394.61
38450	394.67
38460	394.73
38470	394.75
38480	394.86
38490	394.89
38500	394.93
38510	394.96
38520	394.95
38530	395.05
38540	395.03
38550	395.07
38560	395.15
38570	395.22
38580	395.24
38590	395.25
38600	395.26
38610	395.41
38620	395.45
38630	395.44
38640	395.52
38650	395.57
38660	395.62
38670	395.67
38680	395.77
38690	395.71
38700	395.72
38710	395.83
38720	395.84
38730	395.97
38740	396.09
38750	396.14
38760	396.16
38770	396.19
38780	396.3
38790	396.35
38800	396.43
38810	396.52
38820	396.56
38830	396.61
38840	396.67
38850	396.7
38860	396.76
38870	396.77
38880	396.78
38890	396.78
38900	396.88
38910	396.99
38920	397.09
38930	397.17
38940	397.21
38950	397.2
38960	397.28
38970	397.29
38980	397.31
38990	397.4
39000	397.45
39010	397.54
39020	397.62
39030	397.61
39040	397.72
39050	397.83
39060	397.82
39070	397.92
39080	397.94
39090	398.05
39100	398.12
39110	398.23
39120	398.32
39130	398.33
39140	398.48
39150	398.5
39160	398.54
39170	398.58
39180	398.64
39190	398.71
39200	398.81
39210	398.93
39220	398.98
39230	398.98
39240	399.01
39250	399.09
39260	399.1
39270	399.19
39280	399.17
39290	399.25
39300	399.28
39310	399.34
39320	399.44
39330	399.5
39340	399.48
39350	399.55
39360	399.65
39370	399.69
39380	399.7
39390	399.74
39400	399.86
39410	399.9
39420	400.01
39430	399.95
39440	399.95
39450	399.99
39460	400.09
39470	400.19
39480	400.22
39490	400.37
39500	400.44
39510	400.41
39520	400.56
39530	400.62
39540	400.66
39550	400.64
39560	400.78
39570	400.84
39580	400.89
39590	400.87
39600	400.96
39610	401.05
39620	401.09
39630	401.14
39640	401.13
39650	401.22
39660	401.23
39670	401.45
39680	401.42
39690	401.44
39700	401.5
39710	401.54
39720	401.64
39730	401.78
39740	401.8
39750	401.85
39760	401.96
39770	401.98
39780	402.03
39790	402.03
39800	402.07
39810	402.12
39820	402.16
39830	402.26
39840	402.32
39850	402.35
39860	402.49
39870	402.47
39880	402.54
39890	402.66
39900	402.74
39910	402.78
39920	402.85
39930	402.98
39940	403.06
39950	403.07
39960	403.17
39970	403.11
39980	403.22
39990	403.28
40000	403.41
40010	403.5
40020	403.62
40030	403.65
40040	403.67
40050	403.78
40060	403.79
40070	403.76
40080	403.9
40090	403.93
40100	403.94
40110	403.98
40120	404.1
40130	404.14
40140	404.11
40150	404.23
40160	404.25
40170	404.33
40180	404.35
40190	404.35
40200	404.41
40210	404.48
40220	404.53
40230	404.62
40240	404.74
40250	404.91
40260	405.07
40270	405.24
40280	405.29
40290	405.33
40300	405.52
40310	405.58
40320	405.68
40330	405.79
40340	405.88
40350	405.98
40360	405.99
40370	406.03
40380	406.15
40390	406.24
40400	406.31
40410	406.44
40420	406.49
40430	406.52
40440	406.58
40450	406.68
40460	406.73
40470	406.81
40480	406.94
40490	406.96
40500	407.01
40510	406.98
40520	407.0
40530	407.02
40540	406.99
40550	407.0
40560	406.98
40570	407.06
40580	407.12
40590	407.15
40600	407.18
40610	407.21
40620	407.3
40630	407.32
40640	407.31
40650	407.45
40660	407.5
40670	407.58
40680	407.73
40690	407.84
40700	407.9
40710	408.01
40720	408.05
40730	408.18
40740	408.23
40750	408.28
40760	408.26
40770	408.31
40780	408.39
40790	408.46
40800	408.6
40810	408.72
40820	408.85
40830	408.89
40840	408.96
40850	408.95
40860	409.08
40870	409.21
40880	409.28
40890	409.28
40900	409.36
40910	409.43
40920	409.44
40930	409.47
40940	409.6
40950	409.7
40960	409.82
40970	409.91
40980	410.0
40990	410.07
41000	410.26
41010	410.33
41020	410.35
41030	410.37
41040	410.52
41050	410.53
41060	410.54
41070	410.64
41080	410.72
41090	410.86
41100	410.87
41110	410.95
41120	410.96
41130	411.1
41140	411.12
41150	411.16
41160	411.3
41170	411.29
41180	411.36
41190	411.55
41200	411.6
41210	411.65
41220	411.66
41230	411.72
41240	411.85
41250	411.94
41260	411.96
41270	412.01
41280	412.08
41290	412.13
41300	412.18
41310	412.16
41320	412.17
41330	412.22
41340	412.25
41350	412.35
41360	412.42
41370	412.57
41380	412.49
41390	412.53
41400	412.59
41410	412.59
41420	412.69
41430	412.76
41440	412.87
41450	412.9
41460	412.93
41470	412.97
41480	413.05
41490	413.08
41500	413.13
41510	413.24
41520	413.34
41530	413.42
41540	413.47
41550	413.49
41560	413.5
41570	413.6
41580	413.69
41590	413.81
41600	413.94
41610	414.03
41620	414.09
41630	414.17
41640	414.23
41650	414.29
41660	414.33
41670	414.44
41680	414.56
41690	414.63
41700	414.68
41710	414.77
41720	414.88
41730	414.88
41740	414.86
41750	414.98
41760	414.98
41770	415.0
41780	415.09
41790	415.07
41800	415.14
41810	415.3
41820	415.38
41830	415.49
41840	415.52
41850	415.56
41860	415.66
41870	415.75
41880	415.91
41890	415.9
41900	415.98
41910	416.02
41920	416.06
41930	416.13
41940	416.17
41950	416.25
41960	416.33
41970	416.47
41980	416.49
41990	416.64
42000	416.65
42010	416.71
42020	416.84
42030	416.94
42040	417.02
42050	416.99
42060	417.03
42070	417.06
42080	417.02
42090	417.04
42100	417.06
42110	417.12
42120	417.21
42130	417.27
42140	417.3
42150	417.39
42160	417.6
42170	417.76
42180	417.77
42190	417.74
42200	417.85
42210	418.02
42220	418.01
42230	418.08
42240	418.16
42250	418.23
42260	418.25
42270	418.25
42280	418.31
42290	418.5
42300	418.62
42310	418.68
42320	418.7
42330	418.74
42340	418.87
42350	418.86
42360	418.85
42370	418.84
42380	418.89
42390	418.95
42400	418.94
42410	419.09
42420	419.16
42430	419.24
42440	419.41
42450	419.43
42460	419.5
42470	419.57
42480	419.65
42490	419.72
42500	419.72
42510	419.79
42520	419.95
42530	420.07
42540	420.07
42550	420.17
42560	420.24
42570	420.36
42580	420.46
42590	420.47
42600	420.61
42610	420.72
42620	420.76
42630	420.77
42640	420.78
42650	420.84
42660	420.83
42670	420.96
42680	421.05
42690	421.09
42700	421.15
42710	421.19
42720	421.25
42730	421.35
42740	421.4
42750	421.54
42760	421.6
42770	421.64
42780	421.75
42790	421.8
42800	421.74
42810	421.8
42820	421.93
42830	421.97
42840	421.94
42850	422.03
42860	422.13
42870	422.19
42880	422.22
42890	422.31
42900	422.4
42910	422.56
42920	422.65
42930	422.67
42940	422.74
42950	422.86
42960	422.95
42970	422.91
42980	422.97
42990	422.97
43000	423.02
43010	423.03
43020	423.12
43030	423.22
43040	423.25
43050	423.3
43060	423.38
43070	423.39
43080	423.49
43090	423.56
43100	423.63
43110	423.7
43120	423.73
43130	423.83
43140	423.89
43150	423.88
43160	424.07
43170	424.14
43180	424.25
43190	424.39
43200	424.44
43210	424.53
43220	424.64
43230	424.65
43240	424.7
43250	424.77
43260	424.8
43270	424.88
43280	424.96
43290	425.04
43300	425.08
43310	425.06
43320	425.18
43330	425.27
43340	425.4
43350	425.54
43360	425.67
43370	425.74
43380	425.82
43390	425.88
43400	425.94
43410	425.94
43420	426.03
43430	426.14
43440	426.16
43450	426.24
43460	426.31
43470	426.34
43480	426.36
43490	426.36
43500	426.32
43510	426.41
43520	426.47
43530	426.62
43540	426.63
43550	426.72
43560	426.79
43570	426.88
43580	426.91
43590	426.99
43600	427.04
43610	427.07
43620	427.14
43630	427.26
43640	427.29
43650	427.38
43660	427.43
43670	427.42
43680	427.53
43690	427.62
43700	427.69
43710	427.74
43720	427.77
43730	427.82
43740	427.91
43750	428.01
43760	428.01
43770	428.03
43780	428.09
43790	428.14
43800	428.22
43810	428.24
43820	428.32
43830	428.35
43840	428.4
43850	428.55
43860	428.69
43870	428.72
43880	428.73
43890	428.72
43900	428.75
43910	428.74
43920	428.81
43930	428.85
43940	428.91
43950	428.97
43960	429.04
43970	429.07
43980	429.13
43990	429.26
44000	429.26
44010	429.31
44020	429.34
44030	429.5
44040	429.57
44050	429.62
44060	429.69
44070	429.79
44080	429.78
44090	429.89
44100	429.94
44110	429.99
44120	430.09
44130	430.18
44140	430.28
44150	430.39
44160	430.45
44170	430.49
44180	430.57
44190	430.6
44200	430.67
44210	430.79
44220	430.88
44230	430.96
44240	430.97
44250	431.03
44260	431.13
44270	431.21
44280	431.29
44290	431.36
44300	431.4
44310	431.38
44320	431.49
44330	431.46
44340	431.49
44350	431.59
44360	431.67
44370	431.76
44380	431.88
44390	431.92
44400	432.0
44410	432.16
44420	432.26
44430	432.42
44440	432.56
44450	432.62
44460	432.68
44470	432.67
44480	432.76
44490	432.8
44500	432.91
44510	432.96
44520	433.0
44530	433.1
44540	433.16
44550	433.22
44560	433.29
44570	433.31
44580	433.39
44590	433.39
44600	433.47
44610	433.52
44620	433.59
44630	433.71
44640	433.84
44650	433.95
44660	434.07
44670	434.12
44680	434.17
44690	434.31
44700	434.37
44710	434.49
44720	434.47
44730	434.46
44740	434.53
44750	434.61
44760	434.66
44770	434.75
44780	434.82
44790	434.86
44800	435.03
44810	435.13
44820	435.18
44830	435.28
44840	435.36
44850	435.36
44860	435.46
44870	435.51
44880	435.52
44890	435.57
44900	435.71
44910	435.75
44920	435.7
44930	435.85
44940	435.86
44950	435.9
44960	436.0
44970	436.09
44980	436.08
44990	436.18
45000	436.33
45010	436.41
45020	436.49
45030	436.62
45040	436.67
45050	436.73
45060	436.78
45070	436.8
45080	436.86
45090	436.9
45100	436.94
45110	436.98
45120	436.96
45130	437.06
45140	437.15
45150	437.28
45160	437.36
45170	437.42
45180	437.53
45190	437.58
45200	437.69
45210	437.72
45220	437.71
45230	437.76
45240	437.8
45250	437.89
45260	437.87
45270	438.05
45280	438.09
45290	438.16
45300	438.21
45310	438.25
45320	438.33
45330	438.53
45340	438.58
45350	438.66
45360	438.71
45370	438.85
45380	438.87
45390	438.94
45400	439.01
45410	439.05
45420	439.17
45430	439.23
45440	439.27
45450	439.35
45460	439.42
45470	439.43
45480	439.47
45490	439.48
45500	439.52
45510	439.61
45520	439.65
45530	439.67
45540	439.75
45550	439.75
45560	439.78
45570	439.87
45580	439.87
45590	439.91
45600	439.95
45610	440.0
45620	440.04
45630	440.05
45640	440.12
45650	440.1
45660	440.05
45670	440.13
45680	440.2
45690	440.21
45700	440.35
45710	440.35
45720	440.4
45730	440.44
45740	440.52
45750	440.56
45760	440.64
45770	440.71
45780	440.75
45790	440.9
45800	441.03
45810	441.11
45820	441.18
45830	441.2
45840	441.21
45850	441.23
45860	441.26
45870	441.25
45880	441.25
45890	441.35
45900	441.45
45910	441.52
45920	441.55
45930	441.7
45940	441.72
45950	441.72
45960	441.73
45970	441.79
45980	441.89
45990	442.02
46000	442.01
46010	442.17
46020	442.12
46030	442.16
46040	442.17
46050	442.28
46060	442.39
46070	442.46
46080	442.42
46090	442.48
46100	442.5
46110	442.54
46120	442.63
46130	442.68
46140	442.65
46150	442.76
46160	442.83
46170	442.86
46180	442.91
46190	442.88
46200	442.9
46210	442.98
46220	443.05
46230	443.16
46240	443.35
46250	443.45
46260	443.57
46270	443.63
46280	443.7
46290	443.74
46300	443.83
46310	443.86
46320	443.91
46330	443.97
46340	443.99
46350	444.16
46360	444.19
46370	444.32
46380	444.39
46390	444.48
46400	444.55
46410	444.61
46420	444.63
46430	444.7
46440	444.71
46450	444.76
46460	444.8
46470	444.92
46480	445.04
46490	445.13
46500	445.23
46510	445.38
46520	445.37
46530	445.41
46540	445.42
46550	445.49
46560	445.51
46570	445.65
46580	445.75
46590	445.78
46600	445.8
46610	445.85
46620	445.95
46630	446.07
46640	446.14
46650	446.22
46660	446.31
46670	446.35
46680	446.31
46690	446.37
46700	446.5
46710	446.62
46720	446.74
46730	446.87
46740	447.03
46750	447.11
46760	447.14
46770	447.19
46780	447.21
46790	447.27
46800	447.35
46810	447.38
46820	447.47
46830	447.56
46840	447.61
46850	447.71
46860	447.73
46870	447.81
46880	448.03
46890	448.1
46900	448.17
46910	448.23
46920	448.23
46930	448.27
46940	448.25
46950	448.32
46960	448.44
46970	448.52
46980	448.62
46990	448.71
47000	448.79
47010	448.85
47020	448.95
47030	449.13
47040	449.23
47050	449.31
47060	449.4
47070	449.55
47080	449.62
47090	449.67
47100	449.7
47110	449.68
47120	449.68
47130	449.78
47140	449.87
47150	449.98
47160	450.05
47170	450.13
47180	450.24
47190	450.34
47200	450.39
47210	450.49
47220	450.54
47230	450.63
47240	450.68
47250	450.77
47260	450.83
47270	450.91
47280	451.0
47290	451.08
47300	451.17
47310	451.27
47320	451.37
47330	451.4
47340	451.53
47350	451.52
47360	451.64
47370	451.75
47380	451.86
47390	451.81
47400	451.92
47410	451.94
47420	451.96
47430	452.05
47440	452.06
47450	452.11
47460	452.16
47470	452.25
47480	452.3
47490	452.49
47500	452.54
47510	452.56
47520	452.64
47530	452.62
47540	452.65
47550	452.66
47560	452.76
47570	452.86
47580	452.82
47590	452.91
47600	453.01
47610	453.05
47620	453.06
47630	453.03
47640	453.05
47650	453.17
47660	453.27
47670	453.41
47680	453.51
47690	453.55
47700	453.57
47710	453.67
47720	453.81
47730	453.94
47740	454.08
47750	454.16
47760	454.21
47770	454.26
47780	454.36
47790	454.43
47800	454.46
47810	454.57
47820	454.64
47830	454.77
47840	454.8
47850	454.87
47860	454.91
47870	454.89
47880	455.0
47890	455.04
47900	455.1
47910	455.15
47920	455.22
47930	455.36
47940	455.44
47950	455.59
47960	455.62
47970	455.7
47980	455.83
47990	455.87
48000	455.9
48010	455.96
48020	455.98
48030	456.07
48040	456.16
48050	456.21
48060	456.22
48070	456.24
48080	456.3
48090	456.4
48100	456.44
48110	456.5
48120	456.54
48130	456.6
48140	456.66
48150	456.71
48160	456.82
48170	456.85
48180	456.85
48190	456.89
48200	456.87
48210	456.93
48220	457.0
48230	457.09
48240	457.17
48250	457.28
48260	457.29
48270	457.37
48280	457.46
48290	457.54
48300	457.61
48310	457.69
48320	457.74
48330	457.91
48340	457.87
48350	457.86
48360	457.84
48370	457.85
48380	457.85
48390	457.91
48400	457.94
48410	458.05
48420	458.1
48430	458.2
48440	458.28
48450	458.24
48460	458.28
48470	458.37
48480	458.45
48490	458.52
48500	458.64
48510	458.78
48520	458.78
48530	458.97
48540	459.05
48550	459.1
48560	459.26
48570	459.33
48580	459.46
48590	459.47
48600	459.57
48610	459.61
48620	459.7
48630	459.69
48640	459.79
48650	459.88
48660	459.96
48670	460.04
48680	460.13
48690	460.14
48700	460.17
48710	460.19
48720	460.25
48730	460.26
48740	460.38
48750	460.41
48760	460.41
48770	460.59
48780	460.69
48790	460.63
48800	460.72
48810	460.76
48820	460.78
48830	460.92
48840	460.95
48850	461.02
48860	461.19
48870	461.31
48880	461.39
48890	461.4
48900	461.48
48910	461.47
48920	461.56
48930	461.57
48940	461.62
48950	461.72
48960	461.86
48970	461.96
48980	461.9
48990	461.83
49000	461.86
49010	461.96
49020	462.06
49030	462.1
49040	462.26
49050	462.34
49060	462.39
49070	462.43
49080	462.41
49090	462.47
49100	462.54
49110	462.57
49120	462.61
49130	462.76
49140	462.89
49150	462.98
49160	462.98
49170	463.07
49180	463.15
49190	463.24
49200	463.33
49210	463.4
49220	463.47
49230	463.45
49240	463.56
49250	463.68
49260	463.78
49270	463.78
49280	463.81
49290	463.88
49300	463.95
49310	463.96
49320	464.09
49330	464.09
49340	464.21
49350	464.35
49360	464.43
49370	464.61
49380	464.69
49390	464.73
49400	464.8
49410	464.92
49420	464.96
49430	464.95
49440	465.02
49450	465.07
49460	465.14
49470	465.17
49480	465.26
49490	465.28
49500	465.37
49510	465.42
49520	465.43
49530	465.54
49540	465.67
49550	465.75
49560	465.82
49570	465.87
49580	465.96
49590	465.97
49600	466.02
49610	466.05
49620	466.08
49630	466.11
49640	466.19
49650	466.26
49660	466.3
49670	466.3
49680	466.37
49690	466.43
49700	466.55
49710	466.53
49720	466.66
49730	466.77
49740	466.9
49750	466.95
49760	467.02
49770	467.03
49780	467.13
49790	467.23
49800	467.33
49810	467.41
49820	467.47
49830	467.54
49840	467.52
49850	467.55
49860	467.64
49870	467.78
49880	467.81
49890	467.85
49900	467.87
49910	467.94
49920	467.99
49930	468.11
49940	468.23
49950	468.3
49960	468.34
49970	468.35
49980	468.38
49990	468.42
50000	468.51
50010	468.55
50020	468.55
50030	468.54
50040	468.58
50050	468.61
50060	468.69
50070	468.65
50080	468.66
50090	468.72
50100	468.8
50110	468.95
50120	468.96
50130	468.96
50140	469.06
50150	469.11
50160	469.2
50170	469.28
50180	469.41
50190	469.38
50200	469.39
50210	469.37
50220	469.39
50230	469.48
50240	469.57
50250	469.64
50260	469.68
50270	469.77
50280	469.82
50290	469.86
50300	470.01
50310	470.1
50320	470.09
50330	470.12
50340	470.1
50350	470.26
50360	470.36
50370	470.38
50380	470.43
50390	470.45
50400	470.47
50410	470.58
50420	470.56
50430	470.72
50440	470.8
50450	470.85
50460	470.98
50470	471.07
50480	471.1
50490	471.23
50500	471.28
50510	471.24
50520	471.24
50530	471.3
50540	471.36
50550	471.44
50560	471.55
50570	471.67
50580	471.65
50590	471.75
50600	471.81
50610	471.98
50620	471.99
50630	472.08
50640	472.16
50650	472.18
50660	472.34
50670	472.39
50680	472.46
50690	472.62
50700	472.64
50710	472.63
50720	472.62
50730	472.66
50740	472.75
50750	472.82
50760	472.91
50770	472.93
50780	472.97
50790	473.09
50800	473.07
50810	473.17
50820	473.24
50830	473.29
50840	473.31
50850	473.39
50860	473.48
50870	473.63
50880	473.65
50890	473.75
50900	473.76
50910	473.72
50920	473.75
50930	473.78
50940	473.85
50950	473.91
50960	474.0
50970	474.13
50980	474.14
50990	474.18
51000	474.32
51010	474.34
51020	474.42
51030	474.44
51040	474.51
51050	474.6
51060	474.7
51070	474.73
51080	474.78
51090	474.86
51100	474.97
51110	474.96
51120	475.01
51130	475.12
51140	475.16
51150	475.22
51160	475.26
51170	475.42
51180	475.37
51190	475.39
51200	475.47
51210	475.49
51220	475.57
51230	475.57
51240	475.63
51250	475.67
51260	475.71
51270	475.8
51280	475.87
51290	475.9
51300	476.02
51310	476.03
51320	475.96
51330	476.09
51340	476.13
51350	476.26
51360	476.26
51370	476.37
51380	476.44
51390	476.42
51400	476.51
51410	476.59
51420	476.6
51430	476.63
51440	476.69
51450	476.77
51460	476.84
51470	476.88
51480	476.85
51490	476.9
51500	476.91
51510	477.06
51520	477.16
51530	477.28
51540	477.31
51550	477.39
51560	477.4
51570	477.53
51580	477.61
51590	477.75
51600	477.83
51610	477.86
51620	477.95
51630	477.99
51640	477.99
51650	478.04
51660	478.13
51670	478.18
51680	478.34
51690	478.45
51700	478.54
51710	478.7
51720	478.76
51730	478.86
51740	478.91
51750	479.0
51760	479.01
51770	479.17
51780	479.24
51790	479.29
51800	479.36
51810	479.34
51820	479.35
51830	479.36
51840	479.43
51850	479.57
51860	479.62
51870	479.62
51880	479.72
51890	479.82
51900	479.95
51910	480.06
51920	480.16
51930	480.23
51940	480.26
51950	480.34
51960	480.44
51970	480.51
51980	480.55
51990	480.59
52000	480.61
52010	480.65
52020	480.69
52030	480.82
52040	480.99
52050	480.98
52060	480.98
52070	481.02
52080	481.04
52090	481.11
52100	481.16
52110	481.25
52120	481.31
52130	481.43
52140	481.55
52150	481.65
52160	481.71
52170	481.77
52180	481.82
52190	481.88
52200	481.95
52210	482.03
52220	482.05
52230	482.15
52240	482.17
52250	482.19
52260	482.22
52270	482.28
52280	482.3
52290	482.36
52300	482.42
52310	482.45
52320	482.53
52330	482.56
52340	482.62
52350	482.59
52360	482.68
52370	482.76
52380	482.85
52390	482.98
52400	483.06
52410	483.1
52420	483.16
52430	483.17
52440	483.27
52450	483.37
52460	483.37
52470	483.42
52480	483.5
52490	483.55
52500	483.64
52510	483.71
52520	483.84
52530	483.91
52540	484.04
52550	484.03
52560	484.1
52570	484.13
52580	484.21
52590	484.39
52600	484.42
52610	484.47
52620	484.54
52630	484.54
52640	484.66
52650	484.74
52660	484.7
52670	484.79
52680	484.83
52690	484.83
52700	484.83
52710	484.87
52720	484.95
52730	484.96
52740	485.02
52750	485.21
52760	485.28
52770	485.3
52780	485.34
52790	485.4
52800	485.52
52810	485.66
52820	485.71
52830	485.79
52840	485.81
52850	485.93
52860	485.9
52870	485.89
52880	485.97
52890	486.01
52900	486.09
52910	486.18
52920	486.24
52930	486.36
52940	486.4
52950	486.48
52960	486.69
52970	486.72
52980	486.81
52990	486.9
53000	486.97
53010	486.95
53020	487.02
53030	487.05
53040	487.18
53050	487.27
53060	487.39
53070	487.46
53080	487.56
53090	487.61
53100	487.71
53110	487.63
53120	487.76
53130	487.83
53140	487.87
53150	487.97
53160	488.09
53170	488.07
53180	488.12
53190	488.11
53200	488.12
53210	488.25
53220	488.44
53230	488.57
53240	488.67
53250	488.7
53260	488.68
53270	488.77
53280	488.81
53290	488.94
53300	488.98
53310	488.99
53320	489.03
53330	489.07
53340	489.05
53350	489.12
53360	489.28
53370	489.27
53380	489.32
53390	489.31
53400	489.38
53410	489.48
53420	489.58
53430	489.65
53440	489.65
53450	489.75
53460	489.84
53470	489.84
53480	489.83
53490	489.99
53500	490.05
53510	490.14
53520	490.13
53530	490.17
53540	490.27
53550	490.28
53560	490.3
53570	490.44
53580	490.57
53590	490.61
53600	490.67
53610	490.71
53620	490.77
53630	490.95
53640	491.02
53650	491.15
53660	491.27
53670	491.36
53680	491.35
53690	491.43
53700	491.52
53710	491.47
53720	491.61
53730	491.63
53740	491.72
53750	491.75
53760	491.81
53770	491.88
53780	491.97
53790	492.03
53800	492.04
53810	492.17
53820	492.23
53830	492.36
53840	492.33
53850	492.34
53860	492.35
53870	492.45
53880	492.5
53890	492.55
53900	492.56
53910	492.56
53920	492.62
53930	492.71
53940	492.72
53950	492.77
53960	492.78
53970	492.84
53980	492.88
53990	492.94
54000	493.03
54010	493.06
54020	493.12
54030	493.15
54040	493.2
54050	493.32
54060	493.38
54070	493.38
54080	493.46
54090	493.56
54100	493.67
54110	493.77
54120	493.81
54130	493.83
54140	493.9
54150	493.98
54160	494.04
54170	494.05
54180	494.1
54190	494.18
54200	494.19
54210	494.27
54220	494.33
54230	494.3
54240	494.42
54250	494.53
54260	494.61
54270	494.61
54280	494.62
54290	494.72
54300	494.85
54310	494.94
54320	494.94
54330	494.99
54340	495.0
54350	495.04
54360	495.15
54370	495.14
54380	495.32
54390	495.39
54400	495.42
54410	495.53
54420	495.62
54430	495.62
54440	495.75
54450	495.82
54460	495.88
54470	495.97
54480	496.02
54490	496.04
54500	496.1
54510	496.14
54520	496.32
54530	496.38
54540	496.46
54550	496.55
54560	496.66
54570	496.67
54580	496.85
54590	496.93
54600	497.03
54610	497.07
54620	497.16
54630	497.18
54640	497.21
54650	497.32
54660	497.44
54670	497.54
54680	497.54
54690	497.61
54700	497.62
54710	497.66
54720	497.78
54730	497.92
54740	497.99
54750	498.18
54760	498.2
54770	498.22
54780	498.21
54790	498.27
54800	498.32
54810	498.44
54820	498.45
54830	498.45
54840	498.57
54850	498.63
54860	498.62
54870	498.65
54880	498.68
54890	498.78
54900	498.89
54910	498.97
54920	499.0
54930	499.09
54940	499.11
54950	499.19
54960	499.24
54970	499.31
54980	499.39
54990	499.41
55000	499.47
55010	499.5
55020	499.53
55030	499.57
55040	499.58
55050	499.56
55060	499.61
55070	499.65
55080	499.76
55090	499.82
55100	499.89
55110	499.92
55120	499.95
55130	500.08
55140	500.16
55150	500.15
55160	500.21
55170	500.26
55180	500.32
55190	500.38
55200	500.43
55210	500.51
55220	500.59
55230	500.62
55240	500.6
55250	500.65
55260	500.75
55270	500.75
55280	500.85
55290	500.99
55300	501.03
55310	501.22
55320	501.3
55330	501.34
55340	501.38
55350	501.36
55360	501.39
55370	501.4
55380	501.42
55390	501.38
55400	501.35
55410	501.43
55420	501.52
55430	501.59
55440	501.67
55450	501.66
55460	501.72
55470	501.75
55480	501.83
55490	501.85
55500	501.87
55510	501.99
55520	502.08
55530	502.23
55540	502.33
55550	502.45
55560	502.54
55570	502.59
55580	502.65
55590	502.73
55600	502.73
55610	502.86
55620	502.93
55630	503.03
55640	503.18
55650	503.21
55660	503.26
55670	503.39
55680	503.5
55690	503.55
55700	503.59
55710	503.68
55720	503.75
55730	503.81
55740	503.84
55750	503.84
55760	503.92
55770	503.97
55780	504.05
55790	504.09
55800	504.13
55810	504.08
55820	504.14
55830	504.22
55840	504.28
55850	504.29
55860	504.3
55870	504.31
55880	504.36
55890	504.41
55900	504.46
55910	504.52
55920	504.57
55930	504.69
55940	504.75
55950	504.83
55960	504.96
55970	504.93
55980	504.95
55990	505.02
56000	505.02
56010	505.08
56020	505.17
56030	505.11
56040	505.18
56050	505.32
56060	505.37
56070	505.47
56080	505.49
56090	505.54
56100	505.52
56110	505.58
56120	505.53
56130	505.54
56140	505.61
56150	505.72
56160	505.85
56170	505.93
56180	506.05
56190	506.06
56200	506.18
56210	506.24
56220	506.34
56230	506.45
56240	506.55
56250	506.64
56260	506.65
56270	506.76
56280	506.92
56290	506.95
56300	506.91
56310	506.94
56320	507.0
56330	507.06
56340	507.17
56350	507.28
56360	507.38
56370	507.47
56380	507.51
56390	507.6
56400	507.61
56410	507.6
56420	507.6
56430	507.69
56440	507.67
56450	507.7
56460	507.81
56470	507.81
56480	507.92
56490	507.92
56500	507.95
56510	507.93
56520	507.97
56530	508.08
56540	508.13
56550	508.21
56560	508.21
56570	508.22
56580	508.33
56590	508.45
56600	508.59
56610	508.59
56620	508.65
56630	508.62
56640	508.68
56650	508.71
56660	508.76
56670	508.77
56680	508.79
56690	508.93
56700	508.96
56710	509.0
56720	509.15
56730	509.16
56740	509.17
56750	509.21
56760	509.3
56770	509.34
56780	509.44
56790	509.47
56800	509.58
56810	509.7
56820	509.77
56830	509.81
56840	509.82
56850	509.88
56860	509.89
56870	510.06
56880	510.14
56890	510.26
56900	510.34
56910	510.38
56920	510.41
56930	510.47
56940	510.52
56950	510.57
56960	510.64
56970	510.7
56980	510.77
56990	510.92
57000	511.05
57010	511.15
57020	511.18
57030	511.23
57040	511.22
57050	511.32
57060	511.4
57070	511.47
57080	511.45
57090	511.51
57100	511.52
57110	511.5
57120	511.58
57130	511.65
57140	511.73
57150	511.77
57160	511.92
57170	512.01
57180	512.1
57190	512.17
57200	512.18
57210	512.25
57220	512.32
57230	512.38
57240	512.52
57250	512.53
57260	512.64
57270	512.73
57280	512.89
57290	512.93
57300	513.02
57310	513.03
57320	513.12
57330	513.19
57340	513.25
57350	513.39
57360	513.43
57370	513.51
57380	513.56
57390	513.68
57400	513.78
57410	513.9
57420	513.89
57430	514.01
57440	514.11
57450	514.15
57460	514.19
57470	514.32
57480	514.49
57490	514.53
57500	514.54
57510	514.6
57520	514.67
57530	514.73
57540	514.89
57550	515.05
57560	515.06
57570	515.11
57580	515.07
57590	515.1
57600	515.14
57610	515.22
57620	515.22
57630	515.29
57640	515.34
57650	515.44
57660	515.45
57670	515.66
57680	515.76
57690	515.86
57700	515.91
57710	516.0
57720	516.15
57730	516.25
57740	516.31
57750	516.4
57760	516.55
57770	516.61
57780	516.79
57790	516.83
57800	516.91
57810	516.98
57820	517.09
57830	517.24
57840	517.37
57850	517.48
57860	517.52
57870	517.54
57880	517.55
57890	517.62
57900	517.65
57910	517.76
57920	517.83
57930	517.91
57940	517.92
57950	518.07
57960	518.23
57970	518.25
57980	518.3
57990	518.35
58000	518.43
58010	518.5
58020	518.54
58030	518.56
58040	518.61
58050	518.75
58060	518.8
58070	518.84
58080	518.97
58090	519.06
58100	519.13
58110	519.22
58120	519.3
58130	519.36
58140	519.5
58150	519.51
58160	519.61
58170	519.64
58180	519.68
58190	519.71
58200	519.75
58210	519.81
58220	519.92
58230	520.0
58240	520.02
58250	520.04
58260	520.12
58270	520.24
58280	520.34
58290	520.39
58300	520.47
58310	520.54
58320	520.69
58330	520.82
58340	520.96
58350	521.05
58360	521.13
58370	521.17
58380	521.22
58390	521.29
58400	521.33
58410	521.4
58420	521.48
58430	521.53
58440	521.57
58450	521.65
58460	521.77
58470	521.91
58480	521.94
58490	522.04
58500	522.17
58510	522.29
58520	522.36
58530	522.39
58540	522.35
58550	522.46
58560	522.59
58570	522.65
58580	522.63
58590	522.72
58600	522.75
58610	522.84
58620	522.9
58630	523.02
58640	523.02
58650	523.11
58660	523.13
58670	523.18
58680	523.25
58690	523.29
58700	523.3
58710	523.34
58720	523.39
58730	523.4
58740	523.46
58750	523.48
58760	523.48
58770	523.6
58780	523.63
58790	523.67
58800	523.76
58810	523.91
58820	523.96
58830	524.02
58840	524.02
58850	524.06
58860	524.17
58870	524.2
58880	524.32
58890	524.36
58900	524.49
58910	524.52
58920	524.54
58930	524.56
58940	524.72
58950	524.76
58960	524.88
58970	524.92
58980	524.89
58990	524.98
59000	525.05
59010	525.15
59020	525.24
59030	525.25
59040	525.24
59050	525.35
59060	525.44
59070	525.58
59080	525.6
59090	525.7
59100	525.8
59110	525.85
59120	525.96
59130	526.09
59140	526.14
59150	526.22
59160	526.29
59170	526.41
59180	526.42
59190	526.49
59200	526.57
59210	526.63
59220	526.69
59230	526.74
59240	526.76
59250	526.81
59260	526.87
59270	526.86
59280	526.89
59290	526.85
59300	526.84
59310	526.85
59320	526.9
59330	526.95
59340	527.01
59350	527.05
59360	527.15
59370	527.22
59380	527.23
59390	527.41
59400	527.41
59410	527.52
59420	527.66
59430	527.68
59440	527.68
59450	527.71
59460	527.77
59470	527.79
59480	528.01
59490	528.05
59500	528.17
59510	528.24
59520	528.22
59530	528.29
59540	528.36
59550	528.41
59560	528.5
59570	528.54
59580	528.63
59590	528.75
59600	528.81
59610	528.93
59620	529.02
59630	529.11
59640	529.2
59650	529.3
59660	529.42
59670	529.55
59680	529.69
59690	529.75
59700	529.81
59710	529.86
59720	529.92
59730	529.94
59740	529.98
59750	530.09
59760	530.18
59770	530.28
59780	530.34
59790	530.42
59800	530.44
59810	530.47
59820	530.54
59830	530.53
59840	530.56
59850	530.61
59860	530.66
59870	530.72
59880	530.73
59890	530.69
59900	530.68
59910	530.63
59920	530.69
59930	530.67
59940	530.62
59950	530.7
59960	530.79
59970	530.85
59980	530.93
59990	530.94
60000	531.04
