10	0.67
20	1.01
30	1.46
40	1.92
50	2.36
60	2.88
70	3.36
80	3.76
90	3.88
100	4.48
110	4.8
120	5.07
130	5.54
140	5.77
150	5.99
160	6.25
170	6.6
180	6.8
190	7.2
200	7.44
210	7.81
220	8.37
230	8.89
240	9.2
250	9.31
260	9.7
270	10.18
280	10.34
290	10.88
300	11.19
310	11.62
320	12.32
330	12.74
340	12.99
350	13.55
360	14.01
370	14.47
380	14.82
390	15.49
400	16.05
410	16.41
420	16.85
430	17.29
440	17.71
450	18.21
460	18.6
470	18.78
480	19.09
490	19.47
500	19.74
510	20.01
520	20.47
530	20.54
540	20.83
550	21.17
560	21.6
570	22.03
580	22.4
590	22.91
600	23.17
610	23.33
620	23.67
630	23.97
640	24.34
650	24.72
660	25.23
670	25.44
680	25.77
690	26.28
700	26.47
710	26.76
720	27.15
730	27.43
740	27.58
750	27.98
760	28.41
770	28.71
780	29.11
790	29.67
800	30.14
810	30.64
820	30.81
830	31.14
840	31.69
850	31.87
860	32.32
870	32.64
880	33.09
890	33.41
900	33.98
910	34.39
920	34.8
930	34.95
940	35.34
950	35.76
960	36.16
970	36.51
980	36.67
990	37.0
1000	37.3
1010	37.55
1020	37.92
1030	38.14
1040	38.45
1050	38.83
1060	39.15
1070	39.51
1080	39.79
1090	40.03
1100	40.3
1110	40.64
1120	41.0
1130	41.37
1140	41.61
1150	41.62
1160	41.92
1170	42.46
1180	42.83
1190	43.21
1200	43.68
1210	43.98
1220	44.29
1230	44.69
1240	44.94
1250	45.33
1260	45.71
1270	46.01
1280	46.6
1290	47.11
1300	47.57
1310	47.95
1320	48.18
1330	48.41
1340	48.71
1350	48.94
1360	49.22
1370	49.45
1380	49.62
1390	50.13
1400	50.42
1410	50.63
1420	51.16
1430	51.46
1440	51.82
1450	52.09
1460	52.56
1470	52.86
1480	53.34
1490	53.64
1500	53.98
1510	54.26
1520	54.54
1530	54.98
1540	55.21
1550	55.43
1560	55.76
1570	56.03
1580	56.33
1590	56.87
1600	57.32
1610	57.65
1620	58.02
1630	58.19
1640	58.32
1650	58.58
1660	58.8
1670	59.11
1680	59.36
1690	59.79
1700	59.95
1710	60.28
1720	60.61
1730	60.81
1740	61.07
1750	61.36
1760	61.66
1770	62.02
1780	62.2
1790	62.56
1800	62.71
1810	63.02
1820	63.29
1830	63.76
1840	63.88
1850	64.19
1860	64.35
1870	64.56
1880	64.9
1890	65.3
1900	65.48
1910	65.82
1920	66.01
1930	66.44
1940	66.65
1950	66.89
1960	67.3
1970	67.68
1980	67.91
1990	68.3
2000	68.53
2010	68.81
2020	69.16
2030	69.34
2040	69.51
2050	69.81
2060	70.16
2070	70.55
2080	71.04
2090	71.27
2100	71.67
2110	71.75
2120	72.13
2130	72.55
2140	72.72
2150	72.92
2160	73.2
2170	73.41
2180	73.62
2190	74.15
2200	74.43
2210	74.58
2220	74.89
2230	75.36
2240	75.76
2250	76.09
2260	76.54
2270	76.83
2280	77.08
2290	77.31
2300	77.68
2310	78.31
2320	78.52
2330	78.75
2340	79.01
2350	79.41
2360	79.66
2370	79.92
2380	80.29
2390	80.62
2400	81.05
2410	81.43
2420	81.7
2430	82.08
2440	82.45
2450	82.61
2460	82.99
2470	83.41
2480	83.62
2490	83.97
2500	84.24
2510	84.49
2520	84.93
2530	85.09
2540	85.22
2550	85.62
2560	85.89
2570	86.31
2580	86.58
2590	86.83
2600	87.03
2610	87.09
2620	87.36
2630	87.67
2640	87.98
2650	88.3
2660	88.54
2670	88.86
2680	89.21
2690	89.57
2700	89.76
2710	89.95
2720	90.29
2730	90.62
2740	90.81
2750	91.06
2760	91.39
2770	91.79
2780	92.13
2790	92.44
2800	92.73
2810	93.17
2820	93.58
2830	94.04
2840	94.39
2850	94.59
2860	94.82
2870	95.13
2880	95.63
2890	96.02
2900	96.31
2910	96.46
2920	96.73
2930	96.91
2940	97.2
2950	97.32
2960	97.66
2970	97.86
2980	97.92
2990	98.14
3000	98.32
3010	98.7
3020	98.94
3030	99.08
3040	99.45
3050	99.74
3060	100.03
3070	100.3
3080	100.69
3090	101.09
3100	101.44
3110	101.87
3120	102.2
3130	102.35
3140	102.58
3150	102.95
3160	103.36
3170	103.58
3180	103.85
3190	104.2
3200	104.62
3210	104.76
3220	105.28
3230	105.55
3240	105.79
3250	105.94
3260	106.28
3270	106.62
3280	106.73
3290	106.83
3300	107.27
3310	107.66
3320	107.82
3330	108.37
3340	108.71
3350	108.85
3360	109.12
3370	109.35
3380	109.55
3390	109.84
3400	109.94
3410	110.27
3420	110.36
3430	110.7
3440	111.19
3450	111.4
3460	111.74
3470	111.94
3480	112.13
3490	112.51
3500	112.77
3510	113.09
3520	113.36
3530	113.76
3540	114.03
3550	114.2
3560	114.52
3570	114.98
3580	115.31
3590	115.53
3600	115.69
3610	116.03
3620	116.36
3630	116.69
3640	117.13
3650	117.42
3660	117.79
3670	118.24
3680	118.55
3690	118.82
3700	119.2
3710	119.43
3720	119.81
3730	120.28
3740	120.55
3750	120.71
3760	120.96
3770	121.29
3780	121.44
3790	121.61
3800	121.82
3810	121.95
3820	122.1
3830	122.41
3840	122.69
3850	123.0
3860	123.19
3870	123.31
3880	123.56
3890	123.88
3900	124.41
3910	124.64
3920	124.96
3930	125.17
3940	125.4
3950	125.54
3960	125.89
3970	126.0
3980	126.35
3990	126.58
4000	126.97
4010	127.17
4020	127.43
4030	127.6
4040	127.97
4050	128.23
4060	128.42
4070	128.91
4080	129.09
4090	129.44
4100	129.64
4110	129.89
4120	130.18
4130	130.41
4140	130.92
4150	131.39
4160	131.57
4170	131.84
4180	132.04
4190	132.38
4200	132.68
4210	132.83
4220	133.16
4230	133.51
4240	133.94
4250	134.04
4260	134.29
4270	134.57
4280	134.8
4290	134.85
4300	135.11
4310	135.37
4320	135.75
4330	135.99
4340	136.1
4350	136.45
4360	136.98
4370	137.42
4380	137.62
4390	137.75
4400	138.02
4410	138.18
4420	138.43
4430	138.78
4440	139.15
4450	139.29
4460	139.56
4470	139.88
4480	140.13
4490	140.39
4500	140.55
4510	140.72
4520	141.02
4530	141.33
4540	141.6
4550	141.89
4560	142.16
4570	142.42
4580	142.68
4590	142.88
4600	143.0
4610	143.29
4620	143.58
4630	143.71
4640	143.8
4650	144.3
4660	144.49
4670	144.71
4680	144.86
4690	145.21
4700	145.64
4710	145.75
4720	146.19
4730	146.29
4740	146.54
4750	146.83
4760	147.03
4770	147.24
4780	147.61
4790	147.91
4800	148.08
4810	148.36
4820	148.62
4830	148.88
4840	148.99
4850	149.18
4860	149.48
4870	149.65
4880	150.04
4890	150.32
4900	150.58
4910	150.77
4920	151.1
4930	151.33
4940	151.47
4950	151.56
4960	151.77
4970	152.04
4980	152.3
4990	152.54
5000	152.84
5010	153.07
5020	153.26
5030	153.27
5040	153.37
5050	153.5
5060	153.78
5070	153.81
5080	154.19
5090	154.44
5100	154.71
5110	154.99
5120	155.25
5130	155.51
5140	155.8
5150	155.98
5160	156.31
5170	156.64
5180	156.73
5190	156.96
5200	157.17
5210	157.31
5220	157.59
5230	157.7
5240	157.87
5250	158.08
5260	158.07
5270	158.19
5280	158.44
5290	158.5
5300	158.75
5310	159.03
5320	159.13
5330	159.28
5340	159.39
5350	159.65
5360	159.89
5370	160.04
5380	160.27
5390	160.44
5400	160.69
5410	160.83
5420	161.21
5430	161.43
5440	161.53
5450	161.77
5460	161.97
5470	162.31
5480	162.44
5490	162.57
5500	162.66
5510	162.83
5520	163.06
5530	163.34
5540	163.48
5550	163.74
5560	164.04
5570	164.19
5580	164.32
5590	164.55
5600	164.6
5610	164.71
5620	164.89
5630	165.13
5640	165.37
5650	165.61
5660	165.89
5670	166.14
5680	166.34
5690	166.57
5700	166.81
5710	167.07
5720	167.29
5730	167.51
5740	167.71
5750	168.01
5760	168.36
5770	168.73
5780	169.04
5790	169.13
5800	169.25
5810	169.48
5820	169.62
5830	169.67
5840	169.77
5850	169.99
5860	170.26
5870	170.55
5880	170.68
5890	170.94
5900	171.3
5910	171.37
5920	171.56
5930	171.8
5940	171.99
5950	172.17
5960	172.41
5970	172.74
5980	172.91
5990	173.14
6000	173.39
6010	173.64
6020	173.91
6030	174.17
6040	174.12
6050	174.39
6060	174.6
6070	174.76
6080	174.99
6090	175.23
6100	175.38
6110	175.57
6120	175.86
6130	176.11
6140	176.41
6150	176.6
6160	176.84
6170	177.03
6180	177.24
6190	177.51
6200	177.74
6210	177.94
6220	178.15
6230	178.29
6240	178.41
6250	178.62
6260	178.82
6270	179.05
6280	179.22
6290	179.45
6300	179.63
6310	180.03
6320	180.18
6330	180.31
6340	180.57
6350	180.71
6360	180.95
6370	181.27
6380	181.4
6390	181.72
6400	181.83
6410	181.99
6420	182.17
6430	182.35
6440	182.56
6450	182.68
6460	182.85
6470	183.05
6480	183.25
6490	183.65
6500	183.8
6510	183.88
6520	184.03
6530	184.35
6540	184.49
6550	184.67
6560	184.9
6570	185.07
6580	185.28
6590	185.49
6600	185.77
6610	185.99
6620	186.17
6630	186.35
6640	186.56
6650	186.62
6660	186.87
6670	187.08
6680	187.31
6690	187.49
6700	187.57
6710	187.76
6720	187.72
6730	187.96
6740	188.23
6750	188.76
6760	188.94
6770	189.14
6780	189.41
6790	189.52
6800	189.62
6810	189.86
6820	190.07
6830	190.34
6840	190.52
6850	190.6
6860	190.82
6870	190.92
6880	191.2
6890	191.47
6900	191.6
6910	191.92
6920	192.06
6930	192.22
6940	192.4
6950	192.69
6960	192.83
6970	193.06
6980	193.26
6990	193.51
7000	193.72
7010	194.04
7020	194.22
7030	194.34
7040	194.57
7050	194.88
7060	195.16
7070	195.43
7080	195.78
7090	195.94
7100	196.21
7110	196.43
7120	196.66
7130	196.87
7140	197.0
7150	197.1
7160	197.33
7170	197.51
7180	197.69
7190	197.82
7200	198.03
7210	198.24
7220	198.42
7230	198.48
7240	198.69
7250	198.82
7260	198.97
7270	199.07
7280	199.25
7290	199.46
7300	199.61
7310	199.62
7320	199.71
7330	199.87
7340	199.95
7350	199.89
7360	200.02
7370	200.3
7380	200.53
7390	200.75
7400	201.03
7410	201.3
7420	201.48
7430	201.7
7440	201.84
7450	201.9
7460	202.1
7470	202.37
7480	202.45
7490	202.62
7500	202.81
7510	203.07
7520	203.21
7530	203.42
7540	203.56
7550	203.77
7560	203.89
7570	204.08
7580	204.22
7590	204.45
7600	204.62
7610	204.83
7620	205.01
7630	205.05
7640	205.18
7650	205.39
7660	205.62
7670	205.88
7680	206.0
7690	206.19
7700	206.36
7710	206.55
7720	206.69
7730	206.78
7740	206.98
7750	207.19
7760	207.4
7770	207.59
7780	207.77
7790	207.8
7800	207.97
7810	208.17
7820	208.39
7830	208.54
7840	208.86
7850	209.0
7860	209.26
7870	209.38
7880	209.6
7890	209.83
7900	210.0
7910	210.03
7920	210.27
7930	210.48
7940	210.64
7950	210.82
7960	211.05
7970	211.14
7980	211.17
7990	211.36
8000	211.44
8010	211.51
8020	211.57
8030	211.66
8040	211.82
8050	211.99
8060	211.97
8070	212.04
8080	212.28
8090	212.31
8100	212.35
8110	212.54
8120	212.76
8130	212.9
8140	213.14
8150	213.29
8160	213.33
8170	213.58
8180	213.79
8190	213.93
8200	214.26
8210	214.45
8220	214.64
8230	214.76
8240	214.94
8250	215.22
8260	215.31
8270	215.3
8280	215.44
8290	215.61
8300	215.83
8310	216.07
8320	216.29
8330	216.5
8340	216.67
8350	216.87
8360	217.04
8370	217.06
8380	217.34
8390	217.45
8400	217.67
8410	217.83
8420	217.96
8430	218.14
8440	218.18
8450	218.47
8460	218.64
8470	218.84
8480	218.82
8490	218.87
8500	218.98
8510	219.09
8520	219.17
8530	219.35
8540	219.5
8550	219.67
8560	219.83
8570	220.01
8580	220.26
8590	220.38
8600	220.53
8610	220.68
8620	220.9
8630	221.16
8640	221.24
8650	221.36
8660	221.6
8670	221.84
8680	222.02
8690	222.06
8700	222.07
8710	222.08
8720	222.32
8730	222.54
8740	222.68
8750	222.81
8760	222.96
8770	223.06
8780	223.18
8790	223.22
8800	223.43
8810	223.5
8820	223.79
8830	223.96
8840	224.14
8850	224.21
8860	224.31
8870	224.33
8880	224.42
8890	224.44
8900	224.61
8910	224.76
8920	224.88
8930	224.99
8940	225.23
8950	225.36
8960	225.48
8970	225.49
8980	225.72
8990	226.0
9000	226.13
9010	226.22
9020	226.43
9030	226.62
9040	226.76
9050	226.9
9060	227.22
9070	227.43
9080	227.57
9090	227.78
9100	228.02
9110	228.27
9120	228.5
9130	228.54
9140	228.67
9150	228.84
9160	228.96
9170	229.18
9180	229.36
9190	229.42
9200	229.61
9210	229.9
9220	230.17
9230	230.24
9240	230.49
9250	230.51
9260	230.74
9270	230.87
9280	231.0
9290	231.2
9300	231.45
9310	231.6
9320	231.76
9330	231.9
9340	232.02
9350	232.04
9360	232.18
9370	232.29
9380	232.49
9390	232.68
9400	232.77
9410	232.77
9420	233.02
9430	233.05
9440	233.26
9450	233.46
9460	233.56
9470	233.73
9480	233.93
9490	234.04
9500	234.12
9510	234.32
9520	234.47
9530	234.67
9540	234.79
9550	234.91
9560	235.21
9570	235.47
9580	235.59
9590	235.63
9600	235.85
9610	236.15
9620	236.15
9630	236.22
9640	236.41
9650	236.57
9660	236.65
9670	236.78
9680	236.81
9690	237.0
9700	237.04
9710	237.17
9720	237.41
9730	237.52
9740	237.56
9750	237.58
9760	237.77
9770	237.94
9780	238.07
9790	238.16
9800	238.22
9810	238.42
9820	238.64
9830	238.87
9840	239.09
9850	239.24
9860	239.32
9870	239.48
9880	239.58
9890	239.73
9900	239.84
9910	240.0
9920	240.13
9930	240.3
9940	240.51
9950	240.67
9960	240.71
9970	240.85
9980	240.97
9990	240.98
10000	241.19
10010	241.21
10020	241.46
10030	241.62
10040	241.77
10050	241.85
10060	241.93
10070	242.07
10080	242.15
10090	242.27
10100	242.48
10110	242.65
10120	242.72
10130	242.93
10140	243.0
10150	243.14
10160	243.31
10170	243.42
10180	243.53
10190	243.59
10200	243.72
10210	243.86
10220	243.99
10230	244.18
10240	244.41
10250	244.68
10260	244.92
10270	245.13
10280	245.28
10290	245.56
10300	245.69
10310	245.75
10320	245.92
10330	245.92
10340	246.06
10350	246.24
10360	246.32
10370	246.32
10380	246.4
10390	246.5
10400	246.54
10410	246.71
10420	246.86
10430	246.99
10440	247.19
10450	247.32
10460	247.51
10470	247.58
10480	247.79
10490	247.99
10500	248.19
10510	248.38
10520	248.57
10530	248.77
10540	248.9
10550	248.98
10560	249.06
10570	249.05
10580	249.11
10590	249.29
10600	249.44
10610	249.52
10620	249.66
10630	249.67
10640	249.97
10650	250.08
10660	250.17
10670	250.36
10680	250.52
10690	250.63
10700	250.72
10710	250.92
10720	251.14
10730	251.08
10740	251.15
10750	251.3
10760	251.4
10770	251.55
10780	251.74
10790	251.92
10800	252.1
10810	252.28
10820	252.42
10830	252.47
10840	252.6
10850	252.68
10860	252.75
10870	252.81
10880	252.98
10890	253.17
10900	253.29
10910	253.42
10920	253.51
10930	253.63
10940	253.76
10950	253.97
10960	254.18
10970	254.24
10980	254.36
10990	254.42
11000	254.58
11010	254.79
11020	255.06
11030	255.15
11040	255.22
11050	255.3
11060	255.41
11070	255.54
11080	255.59
11090	255.76
11100	255.84
11110	255.98
11120	256.02
11130	256.12
11140	256.26
11150	256.34
11160	256.51
11170	256.55
11180	256.69
11190	256.84
11200	257.03
11210	257.12
11220	257.43
11230	257.46
11240	257.54
11250	257.71
11260	257.81
11270	257.88
11280	257.94
11290	258.11
11300	258.27
11310	258.42
11320	258.64
11330	258.75
11340	258.82
11350	258.94
11360	259.16
11370	259.37
11380	259.57
11390	259.64
11400	259.76
11410	259.99
11420	260.28
11430	260.5
11440	260.53
11450	260.55
11460	260.69
11470	260.84
11480	260.95
11490	261.05
11500	261.14
11510	261.37
11520	261.56
11530	261.68
11540	261.78
11550	261.97
11560	262.11
11570	262.32
11580	262.48
11590	262.56
11600	262.7
11610	262.88
11620	263.13
11630	263.26
11640	263.43
11650	263.5
11660	263.68
11670	263.88
11680	263.94
11690	264.16
11700	264.29
11710	264.57
11720	264.79
11730	264.92
11740	265.04
11750	265.16
11760	265.4
11770	265.72
11780	265.9
11790	266.12
11800	266.16
11810	266.23
11820	266.42
11830	266.71
11840	266.9
11850	267.05
11860	267.14
11870	267.26
11880	267.54
11890	267.75
11900	267.77
11910	267.87
11920	267.99
11930	268.12
11940	268.16
11950	268.34
11960	268.55
11970	268.58
11980	268.7
11990	268.92
12000	269.08
12010	269.22
12020	269.46
12030	269.52
12040	269.6
12050	269.76
12060	269.98
12070	270.02
12080	270.29
12090	270.45
12100	270.62
12110	270.81
12120	270.95
12130	271.03
12140	271.18
12150	271.26
12160	271.41
12170	271.47
12180	271.52
12190	271.65
12200	271.73
12210	271.82
12220	271.99
12230	272.07
12240	272.1
12250	272.21
12260	272.48
12270	272.67
12280	272.77
12290	272.92
12300	273.04
12310	273.29
12320	273.34
12330	273.42
12340	273.4
12350	273.46
12360	273.61
12370	273.79
12380	273.99
12390	274.23
12400	274.4
12410	274.51
12420	274.71
12430	274.77
12440	274.88
12450	275.07
12460	275.22
12470	275.34
12480	275.41
12490	275.45
12500	275.62
12510	275.79
12520	275.95
12530	275.95
12540	276.08
12550	276.17
12560	276.33
12570	276.44
12580	276.55
12590	276.65
12600	276.78
12610	276.95
12620	277.0
12630	277.08
12640	277.14
12650	277.21
12660	277.49
12670	277.61
12680	277.75
12690	277.96
12700	278.21
12710	278.4
12720	278.46
12730	278.47
12740	278.48
12750	278.71
12760	278.67
12770	278.67
12780	278.95
12790	279.1
12800	279.34
12810	279.49
12820	279.68
12830	279.74
12840	280.07
12850	280.05
12860	280.22
12870	280.49
12880	280.56
12890	280.74
12900	280.91
12910	281.07
12920	281.27
12930	281.45
12940	281.53
12950	281.65
12960	281.74
12970	281.96
12980	282.15
12990	282.37
13000	282.43
13010	282.46
13020	282.62
13030	282.66
13040	282.89
13050	283.06
13060	283.21
13070	283.59
13080	283.83
13090	284.02
13100	284.25
13110	284.31
13120	284.46
13130	284.61
13140	284.8
13150	284.88
13160	284.87
13170	284.95
13180	285.04
13190	285.17
13200	285.28
13210	285.4
13220	285.45
13230	285.53
13240	285.52
13250	285.66
13260	285.65
13270	285.89
13280	286.0
13290	286.21
13300	286.36
13310	286.47
13320	286.59
13330	286.62
13340	286.68
13350	286.87
13360	287.03
13370	287.1
13380	287.3
13390	287.44
13400	287.59
13410	287.85
13420	288.01
13430	288.24
13440	288.35
13450	288.58
13460	288.76
13470	289.01
13480	289.13
13490	289.27
13500	289.26
13510	289.59
13520	289.56
13530	289.66
13540	289.77
13550	289.91
13560	290.0
13570	290.21
13580	290.33
13590	290.5
13600	290.56
13610	290.6
13620	290.59
13630	290.75
13640	290.99
13650	291.16
13660	291.32
13670	291.43
13680	291.62
13690	291.66
13700	291.83
13710	291.91
13720	291.97
13730	292.15
13740	292.35
13750	292.55
13760	292.69
13770	292.94
13780	293.0
13790	293.25
13800	293.33
13810	293.44
13820	293.56
13830	293.59
13840	293.75
13850	293.91
13860	294.06
13870	294.14
13880	294.32
13890	294.4
13900	294.48
13910	294.64
13920	294.72
13930	294.8
13940	294.9
13950	295.03
13960	295.16
13970	295.16
13980	295.27
13990	295.41
14000	295.55
14010	295.57
14020	295.73
14030	296.01
14040	296.1
14050	296.09
14060	296.22
14070	296.28
14080	296.28
14090	296.52
14100	296.6
14110	296.75
14120	296.96
14130	297.07
14140	297.15
14150	297.27
14160	297.35
14170	297.48
14180	297.59
14190	297.64
14200	297.74
14210	297.89
14220	297.92
14230	298.12
14240	298.3
14250	298.43
14260	298.55
14270	298.69
14280	298.76
14290	299.06
14300	299.16
14310	299.24
14320	299.35
14330	299.49
14340	299.58
14350	299.64
14360	299.62
14370	299.83
14380	299.87
14390	300.09
14400	300.2
14410	300.31
14420	300.52
14430	300.66
14440	300.76
14450	300.74
14460	300.94
14470	300.98
14480	301.15
14490	301.29
14500	301.26
14510	301.31
14520	301.4
14530	301.53
14540	301.59
14550	301.74
14560	301.83
14570	302.0
14580	302.07
14590	302.17
14600	302.27
14610	302.27
14620	302.3
14630	302.57
14640	302.71
14650	302.68
14660	302.79
14670	302.85
14680	302.94
14690	303.13
14700	303.27
14710	303.29
14720	303.49
14730	303.58
14740	303.78
14750	303.85
14760	303.85
14770	304.01
14780	304.13
14790	304.31
14800	304.42
14810	304.63
14820	304.77
14830	305.01
14840	305.18
14850	305.27
14860	305.36
14870	305.53
14880	305.71
14890	305.83
14900	306.0
14910	306.16
14920	306.27
14930	306.39
14940	306.52
14950	306.63
14960	306.69
14970	306.82
14980	306.87
14990	306.98
15000	307.15
15010	307.25
15020	307.35
15030	307.43
15040	307.52
15050	307.78
15060	307.9
15070	308.04
15080	308.1
15090	308.29
15100	308.41
15110	308.42
15120	308.5
15130	308.57
15140	308.63
15150	308.71
15160	308.81
15170	308.91
15180	309.05
15190	309.08
15200	309.18
15210	309.34
15220	309.53
15230	309.66
15240	309.74
15250	309.84
15260	310.11
15270	310.18
15280	310.35
15290	310.46
15300	310.67
15310	310.93
15320	311.17
15330	311.27
15340	311.29
15350	311.44
15360	311.53
15370	311.72
15380	311.85
15390	312.04
15400	312.14
15410	312.27
15420	312.37
15430	312.41
15440	312.42
15450	312.48
15460	312.8
15470	312.97
15480	313.21
15490	313.28
15500	313.4
15510	313.61
15520	313.65
15530	313.83
15540	313.99
15550	314.14
15560	314.28
15570	314.44
15580	314.59
15590	314.68
15600	314.77
15610	314.99
15620	315.07
15630	315.24
15640	315.55
15650	315.66
15660	315.7
15670	315.9
15680	316.0
15690	316.13
15700	316.3
15710	316.46
15720	316.58
15730	316.73
15740	316.84
15750	316.86
15760	316.92
15770	316.93
15780	316.94
15790	317.12
15800	317.18
15810	317.25
15820	317.36
15830	317.44
15840	317.48
15850	317.62
15860	317.8
15870	317.86
15880	318.03
15890	318.22
15900	318.27
15910	318.43
15920	318.43
15930	318.66
15940	318.73
15950	318.77
15960	319.02
15970	319.21
15980	319.25
15990	319.33
16000	319.43
16010	319.6
16020	319.82
16030	319.82
16040	320.02
16050	320.27
16060	320.43
16070	320.61
16080	320.66
16090	320.77
16100	320.95
16110	321.02
16120	321.13
16130	321.32
16140	321.61
16150	321.7
16160	321.77
16170	321.87
16180	321.91
16190	321.97
16200	322.08
16210	322.23
16220	322.31
16230	322.35
16240	322.52
16250	322.62
16260	322.7
16270	322.72
16280	322.77
16290	322.92
16300	323.05
16310	323.11
16320	323.25
16330	323.33
16340	323.48
16350	323.53
16360	323.63
16370	323.72
16380	323.8
16390	323.95
16400	324.09
16410	324.13
16420	324.24
16430	324.41
16440	324.4
16450	324.54
16460	324.63
16470	324.74
16480	324.9
16490	325.0
16500	325.27
16510	325.32
16520	325.31
16530	325.38
16540	325.42
16550	325.53
16560	325.59
16570	325.58
16580	325.64
16590	325.86
16600	325.95
16610	326.14
16620	326.24
16630	326.48
16640	326.55
16650	326.54
16660	326.66
16670	326.75
16680	326.97
16690	326.99
16700	327.06
16710	327.26
16720	327.34
16730	327.44
16740	327.49
16750	327.54
16760	327.68
16770	327.77
16780	327.76
16790	327.97
16800	328.13
16810	328.17
16820	328.24
16830	328.34
16840	328.52
16850	328.63
16860	328.75
16870	328.82
16880	328.99
16890	329.17
16900	329.26
16910	329.31
16920	329.38
16930	329.53
16940	329.7
16950	329.76
16960	329.95
16970	330.05
16980	330.13
16990	330.25
17000	330.36
17010	330.56
17020	330.67
17030	330.8
17040	330.91
17050	331.02
17060	331.04
17070	331.1
17080	331.23
17090	331.29
17100	331.33
17110	331.33
17120	331.42
17130	331.56
17140	331.7
17150	331.85
17160	331.96
17170	332.05
17180	332.17
17190	332.25
17200	332.31
17210	332.37
17220	332.59
17230	332.69
17240	332.7
17250	332.82
17260	332.9
17270	332.92
17280	333.02
17290	333.07
17300	333.12
17310	333.34
17320	333.38
17330	333.53
17340	333.73
17350	333.92
17360	334.02
17370	334.23
17380	334.25
17390	334.26
17400	334.4
17410	334.54
17420	334.76
17430	334.89
17440	335.05
17450	335.15
17460	335.32
17470	335.36
17480	335.56
17490	335.7
17500	335.7
17510	335.81
17520	335.79
17530	335.95
17540	336.05
17550	336.23
17560	336.35
17570	336.41
17580	336.5
17590	336.62
17600	336.66
17610	336.79
17620	336.95
17630	337.04
17640	337.13
17650	337.28
17660	337.33
17670	337.42
17680	337.64
17690	337.84
17700	337.88
17710	337.89
17720	337.92
17730	337.99
17740	338.1
17750	338.16
17760	338.25
17770	338.39
17780	338.4
17790	338.52
17800	338.72
17810	338.76
17820	338.8
17830	338.9
17840	339.13
17850	339.29
17860	339.47
17870	339.58
17880	339.71
17890	339.81
17900	339.99
17910	339.99
17920	339.97
17930	339.94
17940	339.99
17950	340.2
17960	340.41
17970	340.45
17980	340.53
17990	340.74
18000	340.87
18010	341.1
18020	341.22
18030	341.39
18040	341.52
18050	341.55
18060	341.59
18070	341.73
18080	341.83
18090	341.94
18100	341.99
18110	342.02
18120	342.12
18130	342.22
18140	342.26
18150	342.38
18160	342.62
18170	342.66
18180	342.86
18190	342.94
18200	343.13
18210	343.26
18220	343.33
18230	343.36
18240	343.57
18250	343.69
18260	343.89
18270	344.04
18280	344.16
18290	344.27
18300	344.42
18310	344.52
18320	344.55
18330	344.75
18340	344.75
18350	344.75
18360	344.86
18370	344.95
18380	345.12
18390	345.14
18400	345.21
18410	345.27
18420	345.4
18430	345.56
18440	345.75
18450	345.82
18460	345.95
18470	346.03
18480	346.07
18490	346.16
18500	346.27
18510	346.2
18520	346.22
18530	346.4
18540	346.5
18550	346.65
18560	346.85
18570	346.92
18580	347.01
18590	347.08
18600	347.17
18610	347.25
18620	347.35
18630	347.36
18640	347.38
18650	347.47
18660	347.61
18670	347.87
18680	347.99
18690	348.1
18700	348.19
18710	348.44
18720	348.5
18730	348.54
18740	348.7
18750	348.81
18760	348.88
18770	348.89
18780	348.99
18790	349.09
18800	349.13
18810	349.24
18820	349.31
18830	349.52
18840	349.53
18850	349.77
18860	349.89
18870	349.98
18880	349.96
18890	350.02
18900	350.13
18910	350.3
18920	350.35
18930	350.47
18940	350.6
18950	350.72
18960	350.84
18970	350.87
18980	350.92
18990	350.98
19000	351.02
19010	351.15
19020	351.3
19030	351.32
19040	351.41
19050	351.61
19060	351.67
19070	351.76
19080	351.81
19090	351.87
19100	352.05
19110	352.09
19120	352.19
19130	352.39
19140	352.48
19150	352.52
19160	352.63
19170	352.72
19180	352.83
19190	352.81
19200	352.94
19210	353.05
19220	353.14
19230	353.23
19240	353.27
19250	353.39
19260	353.58
19270	353.67
19280	353.65
19290	353.78
19300	353.92
19310	354.06
19320	354.22
19330	354.27
19340	354.45
19350	354.58
19360	354.66
19370	354.85
19380	354.95
19390	354.98
19400	354.98
19410	355.11
19420	355.25
19430	355.29
19440	355.41
19450	355.38
19460	355.49
19470	355.59
19480	355.6
19490	355.62
19500	355.66
19510	355.82
19520	355.98
19530	356.1
19540	356.25
19550	356.34
19560	356.45
19570	356.59
19580	356.73
19590	356.75
19600	356.85
19610	356.96
19620	357.03
19630	357.07
19640	357.1
19650	357.15
19660	357.18
19670	357.21
19680	357.23
19690	357.33
19700	357.37
19710	357.45
19720	357.59
19730	357.74
19740	357.89
19750	358.02
19760	358.2
19770	358.38
19780	358.43
19790	358.58
19800	358.63
19810	358.76
19820	358.76
19830	358.82
19840	358.98
19850	359.06
19860	359.16
19870	359.19
19880	359.31
19890	359.41
19900	359.59
19910	359.62
19920	359.74
19930	359.82
19940	359.85
19950	360.01
19960	360.13
19970	360.3
19980	360.41
19990	360.58
20000	360.69
20010	360.75
20020	360.9
20030	361.0
20040	361.09
20050	361.17
20060	361.28
20070	361.4
20080	361.36
20090	361.56
20100	361.69
20110	361.91
20120	361.88
20130	361.9
20140	362.11
20150	362.32
20160	362.32
20170	362.42
20180	362.5
20190	362.55
20200	362.61
20210	362.69
20220	362.83
20230	362.95
20240	363.15
20250	363.19
20260	363.18
20270	363.35
20280	363.43
20290	363.46
20300	363.56
20310	363.64
20320	363.71
20330	363.69
20340	363.74
20350	363.84
20360	363.85
20370	363.92
20380	364.09
20390	364.19
20400	364.3
20410	364.4
20420	364.55
20430	364.65
20440	364.66
20450	364.72
20460	364.77
20470	364.9
20480	365.01
20490	365.13
20500	365.31
20510	365.35
20520	365.45
20530	365.52
20540	365.61
20550	365.69
20560	365.8
20570	365.84
20580	365.93
20590	366.07
20600	366.11
20610	366.33
20620	366.51
20630	366.59
20640	366.78
20650	367.08
20660	367.19
20670	367.33
20680	367.43
20690	367.55
20700	367.62
20710	367.77
20720	367.86
20730	368.02
20740	368.11
20750	368.24
20760	368.26
20770	368.53
20780	368.68
20790	368.83
20800	368.99
20810	369.08
20820	369.14
20830	369.18
20840	369.31
20850	369.4
20860	369.5
20870	369.69
20880	369.71
20890	369.76
20900	369.93
20910	370.07
20920	370.21
20930	370.29
20940	370.51
20950	370.69
20960	370.79
20970	370.93
20980	370.94
20990	370.93
21000	371.02
21010	371.23
21020	371.44
21030	371.49
21040	371.62
21050	371.67
21060	371.79
21070	371.94
21080	372.05
21090	372.07
21100	372.21
21110	372.33
21120	372.3
21130	372.34
21140	372.42
21150	372.58
21160	372.68
21170	372.66
21180	372.66
21190	372.72
21200	372.86
21210	372.9
21220	373.03
21230	373.13
21240	373.25
21250	373.38
21260	373.43
21270	373.61
21280	373.7
21290	373.8
21300	373.83
21310	373.89
21320	373.99
21330	374.0
21340	374.2
21350	374.27
21360	374.34
21370	374.35
21380	374.5
21390	374.57
21400	374.71
21410	374.83
21420	374.82
21430	374.91
21440	374.88
21450	375.08
21460	375.15
21470	375.16
21480	375.36
21490	375.39
21500	375.58
21510	375.68
21520	375.67
21530	375.74
21540	375.75
21550	375.76
21560	375.92
21570	376.07
21580	376.13
21590	376.22
21600	376.31
21610	376.52
21620	376.67
21630	376.74
21640	376.96
21650	377.08
21660	377.21
21670	377.24
21680	377.18
21690	377.28
21700	377.35
21710	377.46
21720	377.62
21730	377.76
21740	377.85
21750	377.93
21760	378.03
21770	378.15
21780	378.2
21790	378.28
21800	378.34
21810	378.39
21820	378.5
21830	378.57
21840	378.76
21850	378.77
21860	378.88
21870	378.96
21880	379.0
21890	379.25
21900	379.28
21910	379.21
21920	379.37
21930	379.53
21940	379.6
21950	379.74
21960	379.78
21970	379.85
21980	380.06
21990	380.04
22000	380.11
22010	380.28
22020	380.3
22030	380.42
22040	380.58
22050	380.67
22060	380.8
22070	380.88
22080	380.99
22090	381.1
22100	381.19
22110	381.24
22120	381.23
22130	381.37
22140	381.4
22150	381.41
22160	381.49
22170	381.66
22180	381.71
22190	381.83
22200	381.91
22210	382.05
22220	382.16
22230	382.24
22240	382.25
22250	382.21
22260	382.26
22270	382.37
22280	382.4
22290	382.49
22300	382.5
22310	382.54
22320	382.77
22330	382.79
22340	382.92
22350	383.13
22360	383.31
22370	383.47
22380	383.53
22390	383.48
22400	383.54
22410	383.69
22420	383.84
22430	383.93
22440	383.95
22450	384.02
22460	384.14
22470	384.24
22480	384.34
22490	384.35
22500	384.46
22510	384.54
22520	384.68
22530	384.84
22540	384.88
22550	384.94
22560	385.06
22570	385.2
22580	385.18
22590	385.3
22600	385.31
22610	385.37
22620	385.4
22630	385.54
22640	385.57
22650	385.58
22660	385.73
22670	385.84
22680	385.95
22690	385.96
22700	386.0
22710	386.06
22720	386.14
22730	386.08
22740	386.2
22750	386.23
22760	386.34
22770	386.47
22780	386.61
22790	386.78
22800	386.88
22810	386.91
22820	387.07
22830	387.2
22840	387.32
22850	387.37
22860	387.48
22870	387.56
22880	387.61
22890	387.73
22900	387.74
22910	387.79
22920	387.92
22930	388.0
22940	388.1
22950	388.18
22960	388.21
22970	388.28
22980	388.43
22990	388.52
23000	388.55
23010	388.68
23020	388.79
23030	388.81
23040	388.83
23050	388.87
23060	389.09
23070	389.2
23080	389.35
23090	389.33
23100	389.52
23110	389.53
23120	389.63
23130	389.75
23140	389.8
23150	389.81
23160	389.89
23170	389.88
23180	389.93
23190	390.05
23200	390.05
23210	390.09
23220	390.22
23230	390.21
23240	390.24
23250	390.31
23260	390.35
23270	390.47
23280	390.56
23290	390.63
23300	390.72
23310	390.84
23320	391.0
23330	391.1
23340	391.3
23350	391.4
23360	391.54
23370	391.62
23380	391.72
23390	391.74
23400	391.9
23410	392.02
23420	392.08
23430	392.2
23440	392.21
23450	392.34
23460	392.5
23470	392.56
23480	392.7
23490	392.87
23500	393.0
23510	393.01
23520	393.08
23530	393.14
23540	393.18
23550	393.28
23560	393.38
23570	393.35
23580	393.45
23590	393.56
23600	393.56
23610	393.71
23620	393.85
23630	393.91
23640	393.99
23650	394.1
23660	394.15
23670	394.15
23680	394.22
23690	394.34
23700	394.43
23710	394.42
23720	394.54
23730	394.52
23740	394.6
23750	394.73
23760	394.89
23770	394.99
23780	395.09
23790	395.21
23800	395.43
23810	395.59
23820	395.8
23830	395.97
23840	396.12
23850	396.27
23860	396.46
23870	396.6
23880	396.86
23890	396.94
23900	397.06
23910	397.15
23920	397.14
23930	397.35
23940	397.43
23950	397.57
23960	397.75
23970	397.89
23980	397.99
23990	397.94
24000	398.28
24010	398.46
24020	398.58
24030	398.63
24040	398.65
24050	398.77
24060	398.89
24070	398.93
24080	399.08
24090	399.19
24100	399.19
24110	399.21
24120	399.28
24130	399.43
24140	399.51
24150	399.53
24160	399.61
24170	399.69
24180	399.81
24190	399.94
24200	400.1
24210	400.25
24220	400.45
24230	400.73
24240	400.74
24250	400.85
24260	400.96
24270	401.01
24280	401.03
24290	401.09
24300	401.16
24310	401.22
24320	401.37
24330	401.41
24340	401.45
24350	401.56
24360	401.68
24370	401.75
24380	401.89
24390	402.11
24400	402.19
24410	402.27
24420	402.36
24430	402.43
24440	402.55
24450	402.46
24460	402.56
24470	402.67
24480	402.67
24490	402.74
24500	402.87
24510	402.96
24520	403.06
24530	403.11
24540	403.16
24550	403.21
24560	403.35
24570	403.52
24580	403.58
24590	403.66
24600	403.79
24610	403.91
24620	404.0
24630	404.12
24640	404.23
24650	404.33
24660	404.43
24670	404.51
24680	404.61
24690	404.63
24700	404.76
24710	404.74
24720	404.95
24730	405.04
24740	405.1
24750	405.18
24760	405.32
24770	405.42
24780	405.49
24790	405.5
24800	405.53
24810	405.62
24820	405.8
24830	405.93
24840	406.07
24850	406.22
24860	406.29
24870	406.32
24880	406.46
24890	406.52
24900	406.62
24910	406.71
24920	406.9
24930	406.97
24940	406.98
24950	407.1
24960	407.19
24970	407.32
24980	407.39
24990	407.56
25000	407.67
25010	407.72
25020	407.7
25030	407.89
25040	407.97
25050	408.04
25060	408.11
25070	408.21
25080	408.28
25090	408.44
25100	408.47
25110	408.58
25120	408.65
25130	408.72
25140	408.85
25150	408.96
25160	409.09
25170	409.08
25180	409.14
25190	409.28
25200	409.38
25210	409.5
25220	409.61
25230	409.74
25240	409.85
25250	409.91
25260	409.96
25270	410.1
25280	410.13
25290	410.19
25300	410.25
25310	410.29
25320	410.37
25330	410.42
25340	410.38
25350	410.47
25360	410.6
25370	410.65
25380	410.81
25390	410.87
25400	411.04
25410	411.21
25420	411.4
25430	411.44
25440	411.63
25450	411.7
25460	411.87
25470	412.05
25480	412.14
25490	412.35
25500	412.4
25510	412.49
25520	412.6
25530	412.74
25540	412.84
25550	412.87
25560	413.01
25570	413.09
25580	413.18
25590	413.26
25600	413.34
25610	413.38
25620	413.53
25630	413.67
25640	413.72
25650	413.73
25660	413.75
25670	413.99
25680	414.01
25690	414.16
25700	414.15
25710	414.26
25720	414.4
25730	414.61
25740	414.8
25750	414.87
25760	414.98
25770	415.06
25780	415.16
25790	415.25
25800	415.38
25810	415.38
25820	415.44
25830	415.55
25840	415.6
25850	415.64
25860	415.77
25870	415.82
25880	415.99
25890	416.14
25900	416.35
25910	416.44
25920	416.58
25930	416.56
25940	416.52
25950	416.54
25960	416.63
25970	416.79
25980	416.95
25990	417.08
26000	417.19
26010	417.22
26020	417.24
26030	417.3
26040	417.39
26050	417.49
26060	417.54
26070	417.6
26080	417.63
26090	417.65
26100	417.68
26110	417.66
26120	417.86
26130	418.0
26140	418.01
26150	418.16
26160	418.38
26170	418.42
26180	418.61
26190	418.79
26200	418.87
26210	419.03
26220	419.05
26230	419.0
26240	419.0
26250	419.08
26260	419.12
26270	419.15
26280	419.27
26290	419.32
26300	419.3
26310	419.33
26320	419.39
26330	419.59
26340	419.65
26350	419.79
26360	419.87
26370	419.95
26380	420.06
26390	420.1
26400	420.19
26410	420.3
26420	420.4
26430	420.53
26440	420.63
26450	420.64
26460	420.72
26470	420.87
26480	420.89
26490	420.99
26500	421.01
26510	421.09
26520	421.16
26530	421.13
26540	421.2
26550	421.29
26560	421.36
26570	421.43
26580	421.42
26590	421.53
26600	421.75
26610	421.87
26620	422.0
26630	422.03
26640	422.05
26650	422.19
26660	422.33
26670	422.45
26680	422.57
26690	422.71
26700	422.89
26710	422.88
26720	422.98
26730	423.07
26740	423.1
26750	423.35
26760	423.48
26770	423.59
26780	423.7
26790	423.78
26800	423.87
26810	423.96
26820	424.12
26830	424.24
26840	424.34
26850	424.36
26860	424.36
26870	424.42
26880	424.44
26890	424.6
26900	424.7
26910	424.84
26920	424.93
26930	425.06
26940	425.19
26950	425.24
26960	425.31
26970	425.41
26980	425.57
26990	425.7
27000	425.92
27010	425.9
27020	425.95
27030	425.97
27040	426.14
27050	426.24
27060	426.44
27070	426.53
27080	426.61
27090	426.71
27100	426.73
27110	426.72
27120	426.8
27130	426.9
27140	426.93
27150	427.09
27160	427.11
27170	427.21
27180	427.33
27190	427.42
27200	427.54
27210	427.65
27220	427.77
27230	427.82
27240	427.9
27250	427.99
27260	428.13
27270	428.19
27280	428.3
27290	428.32
27300	428.42
27310	428.46
27320	428.55
27330	428.59
27340	428.71
27350	428.66
27360	428.73
27370	428.79
27380	428.86
27390	428.87
27400	428.92
27410	428.94
27420	429.02
27430	429.11
27440	429.16
27450	429.27
27460	429.33
27470	429.3
27480	429.36
27490	429.34
27500	429.34
27510	429.42
27520	429.56
27530	429.63
27540	429.68
27550	429.72
27560	429.83
27570	429.94
27580	429.97
27590	429.99
27600	430.09
27610	430.11
27620	430.12
27630	430.11
27640	430.18
27650	430.23
27660	430.19
27670	430.34
27680	430.43
27690	430.48
27700	430.55
27710	430.57
27720	430.69
27730	430.72
27740	430.75
27750	430.81
27760	430.78
27770	430.79
27780	430.9
27790	430.93
27800	431.07
27810	431.09
27820	431.17
27830	431.26
27840	431.3
27850	431.38
27860	431.53
27870	431.7
27880	431.75
27890	431.84
27900	431.89
27910	431.86
27920	431.9
27930	431.91
27940	431.99
27950	431.99
27960	432.03
27970	432.12
27980	432.18
27990	432.25
28000	432.34
28010	432.37
28020	432.39
28030	432.37
28040	432.47
28050	432.5
28060	432.59
28070	432.72
28080	432.79
28090	432.87
28100	432.93
28110	433.01
28120	433.01
28130	433.11
28140	433.17
28150	433.26
28160	433.42
28170	433.57
28180	433.57
28190	433.65
28200	433.75
28210	433.84
28220	433.93
28230	433.99
28240	434.05
28250	434.17
28260	434.21
28270	434.26
28280	434.29
28290	434.35
28300	434.38
28310	434.5
28320	434.57
28330	434.56
28340	434.68
28350	434.69
28360	434.78
28370	434.79
28380	434.86
28390	434.94
28400	435.05
28410	435.22
28420	435.21
28430	435.35
28440	435.4
28450	435.48
28460	435.51
28470	435.56
28480	435.64
28490	435.7
28500	435.68
28510	435.81
28520	435.87
28530	435.93
28540	435.95
28550	435.97
28560	436.02
28570	436.18
28580	436.21
28590	436.31
28600	436.44
28610	436.59
28620	436.62
28630	436.73
28640	436.7
28650	436.77
28660	436.82
28670	436.83
28680	436.89
28690	437.05
28700	437.15
28710	437.26
28720	437.25
28730	437.37
28740	437.36
28750	437.44
28760	437.64
28770	437.77
28780	437.9
28790	437.97
28800	437.98
28810	438.07
28820	438.1
28830	438.17
28840	438.22
28850	438.25
28860	438.38
28870	438.45
28880	438.49
28890	438.54
28900	438.57
28910	438.65
28920	438.7
28930	438.65
28940	438.75
28950	438.88
28960	438.89
28970	438.88
28980	438.98
28990	439.04
29000	439.1
29010	439.24
29020	439.23
29030	439.29
29040	439.29
29050	439.32
29060	439.38
29070	439.42
29080	439.35
29090	439.41
29100	439.48
29110	439.55
29120	439.62
29130	439.69
29140	439.75
29150	439.75
29160	439.82
29170	439.9
29180	440.0
29190	440.03
29200	440.04
29210	440.23
29220	440.25
29230	440.36
29240	440.46
29250	440.47
29260	440.57
29270	440.7
29280	440.86
29290	440.99
29300	441.04
29310	441.1
29320	441.16
29330	441.35
29340	441.43
29350	441.54
29360	441.62
29370	441.69
29380	441.69
29390	441.72
29400	441.88
29410	441.98
29420	442.1
29430	442.14
29440	442.27
29450	442.33
29460	442.38
29470	442.38
29480	442.49
29490	442.51
29500	442.52
29510	442.54
29520	442.65
29530	442.68
29540	442.82
29550	442.91
29560	443.0
29570	443.08
29580	443.14
29590	443.2
29600	443.23
29610	443.36
29620	443.51
29630	443.64
29640	443.65
29650	443.77
29660	443.83
29670	443.9
29680	443.9
29690	444.04
29700	444.1
29710	444.2
29720	444.25
29730	444.28
29740	444.37
29750	444.46
29760	444.6
29770	444.63
29780	444.68
29790	444.78
29800	444.8
29810	444.8
29820	444.86
29830	444.94
29840	445.03
29850	445.06
29860	445.17
29870	445.25
29880	445.24
29890	445.27
29900	445.29
29910	445.42
29920	445.56
29930	445.65
29940	445.73
29950	445.76
29960	445.86
29970	445.96
29980	445.99
29990	446.11
30000	446.25
30010	446.28
30020	446.48
30030	446.59
30040	446.64
30050	446.76
30060	446.86
30070	447.05
30080	447.13
30090	447.13
30100	447.22
30110	447.28
30120	447.39
30130	447.44
30140	447.51
30150	447.58
30160	447.64
30170	447.69
30180	447.77
30190	447.91
30200	447.93
30210	448.02
30220	448.12
30230	448.14
30240	448.2
30250	448.26
30260	448.34
30270	448.43
30280	448.48
30290	448.63
30300	448.71
30310	448.67
30320	448.79
30330	449.0
30340	449.11
30350	449.13
30360	449.18
30370	449.3
30380	449.46
30390	449.51
30400	449.54
30410	449.56
30420	449.59
30430	449.65
30440	449.68
30450	449.83
30460	449.95
30470	450.11
30480	450.16
30490	450.22
30500	450.3
30510	450.43
30520	450.4
30530	450.45
30540	450.5
30550	450.48
30560	450.48
30570	450.48
30580	450.55
30590	450.63
30600	450.76
30610	450.84
30620	450.96
30630	450.99
30640	451.02
30650	451.12
30660	451.14
30670	451.22
30680	451.22
30690	451.26
30700	451.35
30710	451.38
30720	451.5
30730	451.61
30740	451.67
30750	451.75
30760	451.8
30770	451.81
30780	451.91
30790	452.06
30800	452.14
30810	452.19
30820	452.25
30830	452.34
30840	452.29
30850	452.39
30860	452.53
30870	452.61
30880	452.79
30890	452.79
30900	452.8
30910	452.96
30920	452.96
30930	452.99
30940	453.02
30950	453.0
30960	453.07
30970	453.14
30980	453.23
30990	453.34
31000	453.48
31010	453.51
31020	453.52
31030	453.58
31040	453.63
31050	453.71
31060	453.75
31070	453.76
31080	453.84
31090	453.82
31100	453.93
31110	453.98
31120	454.04
31130	454.22
31140	454.31
31150	454.41
31160	454.46
31170	454.55
31180	454.62
31190	454.64
31200	454.67
31210	454.86
31220	455.0
31230	455.03
31240	455.16
31250	455.24
31260	455.32
31270	455.31
31280	455.41
31290	455.5
31300	455.55
31310	455.67
31320	455.72
31330	455.74
31340	455.85
31350	455.93
31360	455.95
31370	455.97
31380	456.14
31390	456.23
31400	456.29
31410	456.35
31420	456.41
31430	456.53
31440	456.58
31450	456.66
31460	456.72
31470	456.83
31480	456.84
31490	456.78
31500	456.87
31510	456.95
31520	457.08
31530	457.22
31540	457.33
31550	457.37
31560	457.5
31570	457.58
31580	457.62
31590	457.65
31600	457.68
31610	457.77
31620	457.97
31630	458.05
31640	458.1
31650	458.07
31660	458.11
31670	458.15
31680	458.3
31690	458.46
31700	458.56
31710	458.64
31720	458.7
31730	458.75
31740	458.85
31750	458.9
31760	459.0
31770	459.07
31780	459.24
31790	459.35
31800	459.43
31810	459.52
31820	459.62
31830	459.65
31840	459.73
31850	459.8
31860	459.93
31870	460.02
31880	460.11
31890	460.25
31900	460.33
31910	460.39
31920	460.51
31930	460.54
31940	460.63
31950	460.63
31960	460.63
31970	460.71
31980	460.84
31990	460.85
32000	460.95
32010	461.0
32020	461.01
32030	460.96
32040	460.95
32050	461.03
32060	461.14
32070	461.35
32080	461.38
32090	461.48
32100	461.56
32110	461.58
32120	461.61
32130	461.61
32140	461.7
32150	461.75
32160	461.8
32170	461.83
32180	462.02
32190	462.13
32200	462.23
32210	462.33
32220	462.46
32230	462.54
32240	462.48
32250	462.63
32260	462.79
32270	462.86
32280	462.92
32290	462.96
32300	463.05
32310	463.13
32320	463.19
32330	463.24
32340	463.34
32350	463.39
32360	463.39
32370	463.56
32380	463.64
32390	463.76
32400	463.73
32410	463.7
32420	463.79
32430	463.92
32440	463.9
32450	463.97
32460	464.08
32470	464.11
32480	464.21
32490	464.34
32500	464.41
32510	464.48
32520	464.49
32530	464.59
32540	464.71
32550	464.76
32560	464.78
32570	464.81
32580	464.9
32590	464.95
32600	465.02
32610	465.04
32620	465.12
32630	465.16
32640	465.2
32650	465.29
32660	465.37
32670	465.51
32680	465.56
32690	465.59
32700	465.68
32710	465.76
32720	465.86
32730	465.93
32740	465.89
32750	465.91
32760	465.91
32770	465.94
32780	466.02
32790	466.1
32800	466.13
32810	466.27
32820	466.35
32830	466.45
32840	466.68
32850	466.83
32860	466.87
32870	466.98
32880	467.1
32890	467.23
32900	467.35
32910	467.42
32920	467.46
32930	467.52
32940	467.53
32950	467.54
32960	467.62
32970	467.69
32980	467.83
32990	467.9
33000	467.93
33010	467.96
33020	468.0
33030	468.02
33040	468.16
33050	468.21
33060	468.24
33070	468.3
33080	468.39
33090	468.4
33100	468.44
33110	468.52
33120	468.63
33130	468.61
33140	468.62
33150	468.67
33160	468.77
33170	468.79
33180	468.94
33190	469.04
33200	469.09
33210	469.27
33220	469.32
33230	469.38
33240	469.36
33250	469.36
33260	469.44
33270	469.48
33280	469.45
33290	469.63
33300	469.67
33310	469.74
33320	469.81
33330	469.8
33340	469.93
33350	470.02
33360	470.04
33370	470.09
33380	470.2
33390	470.32
33400	470.45
33410	470.58
33420	470.66
33430	470.7
33440	470.74
33450	470.75
33460	470.78
33470	470.97
33480	470.97
33490	471.07
33500	471.15
33510	471.28
33520	471.34
33530	471.47
33540	471.57
33550	471.75
33560	471.8
33570	471.88
33580	471.94
33590	471.91
33600	471.88
33610	471.88
33620	471.92
33630	471.99
33640	472.05
33650	472.06
33660	472.18
33670	472.2
33680	472.32
33690	472.41
33700	472.61
33710	472.7
33720	472.64
33730	472.66
33740	472.8
33750	472.87
33760	472.97
33770	473.05
33780	473.1
33790	473.11
33800	473.15
33810	473.21
33820	473.32
33830	473.38
33840	473.58
33850	473.63
33860	473.64
33870	473.61
33880	473.67
33890	473.73
33900	473.81
33910	473.92
33920	473.9
33930	474.0
33940	474.1
33950	474.3
33960	474.34
33970	474.45
33980	474.57
33990	474.69
34000	474.73
34010	474.81
34020	474.85
34030	475.01
34040	475.05
34050	475.07
34060	475.15
34070	475.21
34080	475.31
34090	475.35
34100	475.42
34110	475.5
34120	475.56
34130	475.55
34140	475.61
34150	475.73
34160	475.82
34170	475.83
34180	475.81
34190	475.82
34200	475.85
34210	475.93
34220	475.96
34230	476.07
34240	476.04
34250	476.19
34260	476.21
34270	476.22
34280	476.4
34290	476.54
34300	476.62
34310	476.66
34320	476.66
34330	476.66
34340	476.68
34350	476.68
34360	476.62
34370	476.74
34380	476.74
34390	476.74
34400	476.79
34410	476.87
34420	476.89
34430	477.03
34440	477.08
34450	477.09
34460	477.15
34470	477.17
34480	477.19
34490	477.19
34500	477.26
34510	477.34
34520	477.38
34530	477.46
34540	477.64
34550	477.67
34560	477.78
34570	477.92
34580	478.02
34590	478.15
34600	478.26
34610	478.3
34620	478.44
34630	478.54
34640	478.59
34650	478.7
34660	478.73
34670	478.76
34680	478.8
34690	478.89
34700	478.99
34710	478.99
34720	479.07
34730	479.18
34740	479.2
34750	479.3
34760	479.29
34770	479.46
34780	479.56
34790	479.55
34800	479.59
34810	479.66
34820	479.79
34830	479.8
34840	479.97
34850	480.03
34860	480.11
34870	480.22
34880	480.37
34890	480.48
34900	480.61
34910	480.73
34920	480.79
34930	480.93
34940	480.97
34950	481.0
34960	481.01
34970	481.01
34980	481.04
34990	481.1
35000	481.18
35010	481.27
35020	481.3
35030	481.33
35040	481.32
35050	481.3
35060	481.34
35070	481.34
35080	481.39
35090	481.46
35100	481.51
35110	481.56
35120	481.58
35130	481.64
35140	481.61
35150	481.67
35160	481.85
35170	481.89
35180	482.01
35190	482.13
35200	482.21
35210	482.35
35220	482.39
35230	482.42
35240	482.51
35250	482.54
35260	482.7
35270	482.8
35280	482.91
35290	482.96
35300	483.04
35310	483.11
35320	483.16
35330	483.19
35340	483.31
35350	483.41
35360	483.51
35370	483.64
35380	483.65
35390	483.6
35400	483.63
35410	483.7
35420	483.77
35430	483.74
35440	483.83
35450	483.89
35460	483.92
35470	483.96
35480	484.03
35490	484.06
35500	484.12
35510	484.18
35520	484.26
35530	484.34
35540	484.37
35550	484.43
35560	484.5
35570	484.49
35580	484.61
35590	484.71
35600	484.83
35610	484.92
35620	484.98
35630	485.02
35640	485.07
35650	485.07
35660	485.14
35670	485.21
35680	485.29
35690	485.32
35700	485.36
35710	485.49
35720	485.52
35730	485.64
35740	485.64
35750	485.66
35760	485.7
35770	485.74
35780	485.78
35790	485.8
35800	485.84
35810	485.9
35820	485.94
35830	485.96
35840	486.01
35850	486.1
35860	486.14
35870	486.21
35880	486.25
35890	486.36
35900	486.4
35910	486.5
35920	486.6
35930	486.61
35940	486.65
35950	486.61
35960	486.69
35970	486.84
35980	486.83
35990	486.94
36000	487.01
36010	487.09
36020	487.17
36030	487.19
36040	487.21
36050	487.18
36060	487.31
36070	487.38
36080	487.47
36090	487.55
36100	487.6
36110	487.67
36120	487.78
36130	487.88
36140	487.96
36150	488.09
36160	488.15
36170	488.26
36180	488.45
36190	488.53
36200	488.61
36210	488.73
36220	488.82
36230	488.89
36240	489.0
36250	489.12
36260	489.18
36270	489.24
36280	489.35
36290	489.37
36300	489.37
36310	489.39
36320	489.44
36330	489.45
36340	489.51
36350	489.58
36360	489.69
36370	489.73
36380	489.79
36390	489.83
36400	489.9
36410	489.95
36420	489.99
36430	490.09
36440	490.19
36450	490.26
36460	490.4
36470	490.45
36480	490.56
36490	490.6
36500	490.62
36510	490.66
36520	490.71
36530	490.77
36540	490.83
36550	490.88
36560	490.98
36570	491.05
36580	491.14
36590	491.1
36600	491.14
36610	491.34
36620	491.46
36630	491.54
36640	491.61
36650	491.6
36660	491.7
36670	491.72
36680	491.79
36690	491.87
36700	491.81
36710	491.89
36720	491.98
36730	492.12
36740	492.19
36750	492.29
36760	492.37
36770	492.38
36780	492.53
36790	492.58
36800	492.61
36810	492.68
36820	492.68
36830	492.75
36840	492.74
36850	492.84
36860	492.9
36870	493.05
36880	493.18
36890	493.3
36900	493.37
36910	493.46
36920	493.62
36930	493.57
36940	493.58
36950	493.78
36960	493.98
36970	494.06
36980	494.18
36990	494.3
37000	494.46
37010	494.53
37020	494.56
37030	494.63
37040	494.73
37050	494.83
37060	494.87
37070	494.91
37080	495.02
37090	495.13
37100	495.2
37110	495.3
37120	495.29
37130	495.37
37140	495.35
37150	495.5
37160	495.62
37170	495.7
37180	495.76
37190	495.85
37200	495.85
37210	495.99
37220	495.99
37230	496.0
37240	496.13
37250	496.17
37260	496.26
37270	496.27
37280	496.35
37290	496.47
37300	496.45
37310	496.58
37320	496.64
37330	496.66
37340	496.72
37350	496.8
37360	496.88
37370	497.0
37380	497.0
37390	496.99
37400	497.05
37410	497.17
37420	497.18
37430	497.19
37440	497.28
37450	497.38
37460	497.44
37470	497.51
37480	497.57
37490	497.67
37500	497.73
37510	497.73
37520	497.8
37530	497.73
37540	497.72
37550	497.82
37560	497.97
37570	498.02
37580	498.02
37590	498.1
37600	498.15
37610	498.21
37620	498.24
37630	498.44
37640	498.53
37650	498.64
37660	498.72
37670	498.82
37680	498.86
37690	498.92
37700	498.99
37710	498.95
37720	498.98
37730	498.97
37740	499.03
37750	499.06
37760	499.19
37770	499.3
37780	499.31
37790	499.35
37800	499.44
37810	499.52
37820	499.68
37830	499.76
37840	499.87
37850	499.86
37860	499.89
37870	500.0
37880	499.99
37890	499.98
37900	500.12
37910	500.21
37920	500.26
37930	500.32
37940	500.33
37950	500.33
37960	500.39
37970	500.42
37980	500.41
37990	500.51
38000	500.6
38010	500.7
38020	500.7
38030	500.76
38040	500.82
38050	500.86
38060	500.89
38070	501.06
38080	501.14
38090	501.25
38100	501.27
38110	501.32
38120	501.38
38130	501.5
38140	501.57
38150	501.77
38160	501.88
38170	501.9
38180	501.89
38190	501.96
38200	501.99
38210	502.08
38220	502.11
38230	502.21
38240	502.21
38250	502.22
38260	502.36
38270	502.49
38280	502.51
38290	502.57
38300	502.6
38310	502.61
38320	502.7
38330	502.79
38340	502.79
38350	502.91
38360	503.01
38370	503.01
38380	503.04
38390	503.03
38400	503.1
38410	503.2
38420	503.31
38430	503.4
38440	503.5
38450	503.52
38460	503.65
38470	503.68
38480	503.68
38490	503.77
38500	503.84
38510	503.9
38520	503.94
38530	504.04
38540	504.1
38550	504.2
38560	504.21
38570	504.2
38580	504.34
38590	504.39
38600	504.57
38610	504.7
38620	504.76
38630	504.84
38640	504.96
38650	505.08
38660	505.11
38670	505.18
38680	505.28
38690	505.45
38700	505.61
38710	505.71
38720	505.78
38730	505.85
38740	505.93
38750	505.99
38760	506.06
38770	506.16
38780	506.22
38790	506.29
38800	506.32
38810	506.32
38820	506.43
38830	506.46
38840	506.57
38850	506.6
38860	506.73
38870	506.7
38880	506.87
38890	506.93
38900	506.98
38910	507.06
38920	507.08
38930	507.13
38940	507.26
38950	507.37
38960	507.39
38970	507.45
38980	507.58
38990	507.67
39000	507.7
39010	507.69
39020	507.83
39030	507.95
39040	508.05
39050	508.08
39060	508.03
39070	508.09
39080	508.19
39090	508.29
39100	508.38
39110	508.37
39120	508.42
39130	508.52
39140	508.56
39150	508.64
39160	508.75
39170	508.77
39180	508.75
39190	508.84
39200	508.96
39210	508.94
39220	508.95
39230	509.02
39240	509.14
39250	509.18
39260	509.29
39270	509.4
39280	509.52
39290	509.57
39300	509.64
39310	509.7
39320	509.74
39330	509.8
39340	509.84
39350	510.01
39360	510.09
39370	510.18
39380	510.19
39390	510.28
39400	510.31
39410	510.38
39420	510.42
39430	510.48
39440	510.54
39450	510.55
39460	510.54
39470	510.69
39480	510.78
39490	510.88
39500	510.94
39510	511.0
39520	511.04
39530	511.08
39540	511.22
39550	511.24
39560	511.24
39570	511.35
39580	511.39
39590	511.51
39600	511.59
39610	511.65
39620	511.66
39630	511.72
39640	511.79
39650	511.87
39660	511.93
39670	511.94
39680	511.99
39690	512.04
39700	512.09
39710	512.19
39720	512.14
39730	512.22
39740	512.4
39750	512.49
39760	512.59
39770	512.62
39780	512.65
39790	512.72
39800	512.82
39810	512.87
39820	512.88
39830	513.01
39840	512.96
39850	513.09
39860	513.08
39870	513.12
39880	513.2
39890	513.26
39900	513.29
39910	513.34
39920	513.43
39930	513.49
39940	513.54
39950	513.6
39960	513.64
39970	513.79
39980	513.82
39990	513.82
40000	513.93
40010	513.93
40020	513.98
40030	514.03
40040	514.08
40050	514.16
40060	514.24
40070	514.26
40080	514.32
40090	514.38
40100	514.38
40110	514.4
40120	514.38
40130	514.52
40140	514.57
40150	514.59
40160	514.6
40170	514.69
40180	514.71
40190	514.78
40200	514.85
40210	514.89
40220	514.92
40230	514.95
40240	515.05
40250	515.11
40260	515.13
40270	515.17
40280	515.21
40290	515.31
40300	515.39
40310	515.45
40320	515.55
40330	515.55
40340	515.59
40350	515.68
40360	515.76
40370	515.86
40380	515.99
40390	516.01
40400	516.15
40410	516.26
40420	516.33
40430	516.41
40440	516.53
40450	516.56
40460	516.71
40470	516.71
40480	516.73
40490	516.74
40500	516.7
40510	516.8
40520	516.87
40530	516.93
40540	517.02
40550	517.1
40560	517.17
40570	517.3
40580	517.33
40590	517.47
40600	517.56
40610	517.67
40620	517.81
40630	517.93
40640	517.97
40650	517.99
40660	517.95
40670	518.02
40680	518.1
40690	518.19
40700	518.29
40710	518.36
40720	518.36
40730	518.45
40740	518.55
40750	518.62
40760	518.67
40770	518.72
40780	518.77
40790	518.83
40800	518.85
40810	518.98
40820	519.11
40830	519.19
40840	519.21
40850	519.23
40860	519.28
40870	519.37
40880	519.37
40890	519.4
40900	519.4
40910	519.48
40920	519.58
40930	519.59
40940	519.61
40950	519.61
40960	519.68
40970	519.72
40980	519.76
40990	519.76
41000	519.76
41010	519.79
41020	519.75
41030	519.88
41040	519.85
41050	519.9
41060	519.93
41070	520.02
41080	520.1
41090	520.18
41100	520.23
41110	520.28
41120	520.35
41130	520.42
41140	520.47
41150	520.51
41160	520.65
41170	520.74
41180	520.79
41190	520.83
41200	520.88
41210	520.89
41220	520.97
41230	521.01
41240	521.07
41250	521.12
41260	521.19
41270	521.24
41280	521.31
41290	521.43
41300	521.47
41310	521.49
41320	521.53
41330	521.66
41340	521.76
41350	521.82
41360	521.82
41370	521.88
41380	521.88
41390	521.89
41400	521.99
41410	522.08
41420	522.14
41430	522.23
41440	522.34
41450	522.46
41460	522.54
41470	522.6
41480	522.67
41490	522.65
41500	522.67
41510	522.79
41520	522.83
41530	522.86
41540	522.91
41550	523.01
41560	523.04
41570	523.11
41580	523.19
41590	523.29
41600	523.36
41610	523.49
41620	523.61
41630	523.76
41640	523.84
41650	523.95
41660	524.03
41670	524.14
41680	524.11
41690	524.19
41700	524.23
41710	524.23
41720	524.23
41730	524.4
41740	524.39
41750	524.44
41760	524.53
41770	524.52
41780	524.53
41790	524.66
41800	524.74
41810	524.78
41820	524.87
41830	524.96
41840	524.97
41850	525.05
41860	525.12
41870	525.3
41880	525.39
41890	525.47
41900	525.55
41910	525.6
41920	525.66
41930	525.75
41940	525.82
41950	525.9
41960	525.91
41970	525.99
41980	526.02
41990	526.09
42000	526.14
42010	526.21
42020	526.24
42030	526.33
42040	526.4
42050	526.41
42060	526.45
42070	526.51
42080	526.55
42090	526.63
42100	526.7
42110	526.83
42120	526.91
42130	526.97
42140	527.04
42150	527.21
42160	527.25
42170	527.29
42180	527.34
42190	527.48
42200	527.52
42210	527.53
42220	527.54
42230	527.63
42240	527.74
42250	527.8
42260	527.84
42270	527.86
42280	527.94
42290	528.04
42300	528.07
42310	528.08
42320	528.09
42330	528.11
42340	528.16
42350	528.15
42360	528.3
42370	528.34
42380	528.48
42390	528.5
42400	528.54
42410	528.7
42420	528.74
42430	528.76
42440	528.7
42450	528.81
42460	528.82
42470	528.87
42480	528.9
42490	528.96
42500	528.97
42510	529.05
42520	529.08
42530	529.14
42540	529.23
42550	529.32
42560	529.35
42570	529.4
42580	529.52
42590	529.62
42600	529.65
42610	529.68
42620	529.78
42630	529.83
42640	529.85
42650	529.85
42660	529.96
42670	530.02
42680	530.01
42690	530.09
42700	530.1
42710	530.27
42720	530.36
42730	530.5
42740	530.57
42750	530.67
42760	530.84
42770	530.8
42780	530.87
42790	530.95
42800	531.0
42810	531.05
42820	531.05
42830	531.13
42840	531.22
42850	531.27
42860	531.31
42870	531.38
42880	531.42
42890	531.55
42900	531.63
42910	531.71
42920	531.75
42930	531.84
42940	531.87
42950	531.93
42960	532.09
42970	532.14
42980	532.18
42990	532.22
43000	532.26
43010	532.2
43020	532.26
43030	532.32
43040	532.37
43050	532.48
43060	532.55
43070	532.58
43080	532.62
43090	532.71
43100	532.76
43110	532.79
43120	532.79
43130	532.82
43140	532.95
43150	532.95
43160	533.05
43170	533.11
43180	533.2
43190	533.18
43200	533.18
43210	533.23
43220	533.29
43230	533.41
43240	533.46
43250	533.49
43260	533.56
43270	533.62
43280	533.61
43290	533.72
43300	533.71
43310	533.76
43320	533.81
43330	533.87
43340	533.87
43350	533.89
43360	533.97
43370	534.03
43380	534.13
43390	534.2
43400	534.32
43410	534.3
43420	534.38
43430	534.46
43440	534.53
43450	534.61
43460	534.65
43470	534.77
43480	534.85
43490	534.89
43500	534.92
43510	534.94
43520	534.99
43530	535.11
43540	535.18
43550	535.21
43560	535.28
43570	535.29
43580	535.35
43590	535.39
43600	535.46
43610	535.46
43620	535.49
43630	535.54
43640	535.64
43650	535.67
43660	535.76
43670	535.83
43680	535.9
43690	535.96
43700	536.02
43710	536.04
43720	536.06
43730	536.07
43740	536.16
43750	536.24
43760	536.31
43770	536.36
43780	536.43
43790	536.56
43800	536.64
43810	536.76
43820	536.72
43830	536.83
43840	536.9
43850	537.06
43860	537.11
43870	537.23
43880	537.2
43890	537.28
43900	537.38
43910	537.37
43920	537.41
43930	537.5
43940	537.59
43950	537.66
43960	537.79
43970	537.84
43980	537.95
43990	538.03
44000	538.13
44010	538.15
44020	538.24
44030	538.29
44040	538.35
44050	538.4
44060	538.4
44070	538.48
44080	538.53
44090	538.57
44100	538.56
44110	538.64
44120	538.66
44130	538.68
44140	538.82
44150	538.84
44160	538.93
44170	538.96
44180	539.05
44190	539.13
44200	539.22
44210	539.3
44220	539.35
44230	539.41
44240	539.47
44250	539.54
44260	539.58
44270	539.61
44280	539.67
44290	539.73
44300	539.7
44310	539.82
44320	539.9
44330	539.93
44340	540.03
44350	540.04
44360	540.13
44370	540.23
44380	540.29
44390	540.27
44400	540.32
44410	540.34
44420	540.4
44430	540.49
44440	540.57
44450	540.56
44460	540.59
44470	540.65
44480	540.71
44490	540.78
44500	540.77
44510	540.74
44520	540.79
44530	540.87
44540	540.88
44550	540.91
44560	541.01
44570	541.09
44580	541.08
44590	541.12
44600	541.25
44610	541.29
44620	541.4
44630	541.41
44640	541.42
44650	541.51
44660	541.51
44670	541.63
44680	541.71
44690	541.77
44700	541.76
44710	541.72
44720	541.74
44730	541.8
44740	541.84
44750	541.96
44760	541.95
44770	542.02
44780	542.02
44790	542.1
44800	542.08
44810	542.07
44820	542.15
44830	542.23
44840	542.23
44850	542.21
44860	542.26
44870	542.36
44880	542.44
44890	542.43
44900	542.47
44910	542.53
44920	542.55
44930	542.57
44940	542.61
44950	542.71
44960	542.76
44970	542.81
44980	542.84
44990	542.84
45000	542.87
45010	542.87
45020	542.89
45030	542.93
45040	542.94
45050	542.9
45060	542.97
45070	543.05
45080	543.13
45090	543.18
45100	543.22
45110	543.29
45120	543.36
45130	543.34
45140	543.42
45150	543.48
45160	543.54
45170	543.59
45180	543.73
45190	543.84
45200	543.88
45210	543.91
45220	543.98
45230	543.99
45240	544.06
45250	544.17
45260	544.29
45270	544.33
45280	544.44
45290	544.42
45300	544.47
45310	544.51
45320	544.64
45330	544.69
45340	544.73
45350	544.86
45360	544.91
45370	544.95
45380	544.97
45390	544.95
45400	545.0
45410	545.09
45420	545.1
45430	545.17
45440	545.19
45450	545.31
45460	545.35
45470	545.36
45480	545.33
45490	545.37
45500	545.37
45510	545.46
45520	545.47
45530	545.48
45540	545.53
45550	545.59
45560	545.58
45570	545.59
45580	545.63
45590	545.68
45600	545.72
45610	545.71
45620	545.75
45630	545.8
45640	545.92
45650	545.99
45660	546.09
45670	546.19
45680	546.2
45690	546.34
45700	546.37
45710	546.4
45720	546.43
45730	546.44
45740	546.42
45750	546.58
45760	546.6
45770	546.6
45780	546.65
45790	546.68
45800	546.68
45810	546.72
45820	546.86
45830	546.89
45840	546.93
45850	547.02
45860	547.12
45870	547.23
45880	547.25
45890	547.29
45900	547.35
45910	547.4
45920	547.49
45930	547.62
45940	547.67
45950	547.68
45960	547.8
45970	547.86
45980	547.94
45990	548.01
46000	548.13
46010	548.2
46020	548.27
46030	548.37
46040	548.4
46050	548.5
46060	548.54
46070	548.61
46080	548.72
46090	548.72
46100	548.69
46110	548.76
46120	548.84
46130	548.86
46140	548.87
46150	548.96
46160	548.99
46170	548.97
46180	549.07
46190	549.17
46200	549.14
46210	549.24
46220	549.22
46230	549.22
46240	549.29
46250	549.24
46260	549.27
46270	549.32
46280	549.38
46290	549.4
46300	549.37
46310	549.48
46320	549.48
46330	549.63
46340	549.66
46350	549.75
46360	549.79
46370	549.77
46380	549.8
46390	549.91
46400	549.98
46410	549.99
46420	550.05
46430	550.13
46440	550.22
46450	550.28
46460	550.3
46470	550.37
46480	550.43
46490	550.53
46500	550.66
46510	550.69
46520	550.75
46530	550.81
46540	550.92
46550	550.98
46560	551.01
46570	551.17
46580	551.12
46590	551.2
46600	551.3
46610	551.32
46620	551.34
46630	551.44
46640	551.46
46650	551.51
46660	551.58
46670	551.6
46680	551.76
46690	551.77
46700	551.81
46710	551.83
46720	551.91
46730	552.01
46740	552.09
46750	552.19
46760	552.23
46770	552.29
46780	552.32
46790	552.33
46800	552.38
46810	552.45
46820	552.46
46830	552.48
46840	552.53
46850	552.61
46860	552.71
46870	552.79
46880	552.85
46890	552.89
46900	552.99
46910	553.03
46920	553.08
46930	553.05
46940	553.11
46950	553.21
46960	553.27
46970	553.32
46980	553.38
46990	553.42
47000	553.51
47010	553.55
47020	553.62
47030	553.67
47040	553.7
47050	553.78
47060	553.84
47070	553.87
47080	553.88
47090	554.05
47100	554.18
47110	554.22
47120	554.32
47130	554.41
47140	554.48
47150	554.5
47160	554.54
47170	554.58
47180	554.63
47190	554.63
47200	554.77
47210	554.82
47220	554.94
47230	554.98
47240	555.06
47250	555.13
47260	555.28
47270	555.47
47280	555.45
47290	555.56
47300	555.57
47310	555.62
47320	555.64
47330	555.72
47340	555.82
47350	555.83
47360	555.91
47370	555.93
47380	556.02
47390	556.04
47400	556.1
47410	556.13
47420	556.19
47430	556.23
47440	556.27
47450	556.36
47460	556.47
47470	556.44
47480	556.53
47490	556.6
47500	556.61
47510	556.68
47520	556.74
47530	556.83
47540	556.79
47550	556.79
47560	556.84
47570	556.91
47580	556.99
47590	557.06
47600	557.01
47610	557.03
47620	557.07
47630	557.08
47640	557.05
47650	557.17
47660	557.24
47670	557.32
47680	557.57
47690	557.58
47700	557.64
47710	557.67
47720	557.71
47730	557.94
47740	558.01
47750	558.03
47760	558.04
47770	558.03
47780	558.07
47790	558.15
47800	558.26
47810	558.34
47820	558.41
47830	558.46
47840	558.54
47850	558.61
47860	558.63
47870	558.64
47880	558.65
47890	558.7
47900	558.72
47910	558.83
47920	558.9
47930	558.95
47940	559.0
47950	559.06
47960	559.1
47970	559.16
47980	559.18
47990	559.21
48000	559.27
48010	559.3
48020	559.44
48030	559.48
48040	559.6
48050	559.62
48060	559.7
48070	559.75
48080	559.78
48090	559.78
48100	559.82
48110	559.84
48120	559.87
48130	559.89
48140	559.92
48150	559.97
48160	560.06
48170	560.09
48180	560.21
48190	560.33
48200	560.41
48210	560.52
48220	560.52
48230	560.57
48240	560.61
48250	560.69
48260	560.65
48270	560.7
48280	560.72
48290	560.78
48300	560.81
48310	560.85
48320	560.84
48330	560.87
48340	560.92
48350	560.9
48360	560.96
48370	561.0
48380	561.08
48390	561.13
48400	561.12
48410	561.24
48420	561.27
48430	561.3
48440	561.32
48450	561.35
48460	561.4
48470	561.4
48480	561.46
48490	561.49
48500	561.47
48510	561.5
48520	561.52
48530	561.66
48540	561.73
48550	561.8
48560	561.83
48570	561.93
48580	562.01
48590	561.98
48600	562.04
48610	562.12
48620	562.19
48630	562.24
48640	562.31
48650	562.42
48660	562.53
48670	562.62
48680	562.64
48690	562.73
48700	562.77
48710	562.77
48720	562.79
48730	562.89
48740	562.88
48750	562.92
48760	562.97
48770	562.99
48780	562.99
48790	563.05
48800	563.08
48810	563.1
48820	563.13
48830	563.18
48840	563.23
48850	563.32
48860	563.35
48870	563.38
48880	563.44
48890	563.5
48900	563.49
48910	563.56
48920	563.63
48930	563.68
48940	563.7
48950	563.76
48960	563.83
48970	563.88
48980	563.9
48990	563.96
49000	564.01
49010	564.01
49020	564.12
49030	564.19
49040	564.21
49050	564.31
49060	564.38
49070	564.35
49080	564.39
49090	564.48
49100	564.53
49110	564.6
49120	564.61
49130	564.68
49140	564.76
49150	564.83
49160	564.87
49170	564.9
49180	564.87
49190	564.95
49200	564.97
49210	565.01
49220	565.03
49230	565.06
49240	565.14
49250	565.18
49260	565.28
49270	565.34
49280	565.41
49290	565.45
49300	565.41
49310	565.52
49320	565.61
49330	565.63
49340	565.68
49350	565.82
49360	565.9
49370	565.97
49380	566.01
49390	566.1
49400	566.19
49410	566.23
49420	566.29
49430	566.37
49440	566.35
49450	566.38
49460	566.48
49470	566.5
49480	566.56
49490	566.65
49500	566.83
49510	566.85
49520	566.91
49530	566.91
49540	566.96
49550	567.0
49560	567.06
49570	567.1
49580	567.15
49590	567.27
49600	567.27
49610	567.45
49620	567.45
49630	567.5
49640	567.51
49650	567.49
49660	567.53
49670	567.62
49680	567.66
49690	567.77
49700	567.82
49710	567.92
49720	567.91
49730	567.99
49740	568.06
49750	568.08
49760	568.1
49770	568.09
49780	568.12
49790	568.25
49800	568.28
49810	568.27
49820	568.29
49830	568.36
49840	568.45
49850	568.54
49860	568.59
49870	568.64
49880	568.72
49890	568.77
49900	568.78
49910	568.85
49920	568.97
49930	569.04
49940	569.14
49950	569.16
49960	569.12
49970	569.23
49980	569.3
49990	569.38
50000	569.51
50010	569.58
50020	569.62
50030	569.7
50040	569.78
50050	569.85
50060	569.92
50070	570.0
50080	570.0
50090	570.06
50100	570.12
50110	570.14
50120	570.24
50130	570.29
50140	570.31
50150	570.4
50160	570.46
50170	570.44
50180	570.46
50190	570.48
50200	570.55
50210	570.62
50220	570.7
50230	570.72
50240	570.8
50250	570.82
50260	570.84
50270	570.9
50280	570.96
50290	571.02
50300	571.06
50310	571.06
50320	571.04
50330	571.1
50340	571.15
50350	571.18
50360	571.17
50370	571.24
50380	571.2
50390	571.24
50400	571.3
50410	571.45
50420	571.5
50430	571.58
50440	571.61
50450	571.65
50460	571.73
50470	571.84
50480	571.91
50490	571.93
50500	572.0
50510	572.02
50520	572.06
50530	572.1
50540	572.14
50550	572.16
50560	572.23
50570	572.31
50580	572.39
50590	572.41
50600	572.4
50610	572.44
50620	572.49
50630	572.53
50640	572.55
50650	572.64
50660	572.73
50670	572.76
50680	572.84
50690	572.9
50700	572.94
50710	572.99
50720	573.02
50730	573.06
50740	573.08
50750	573.18
50760	573.26
50770	573.26
50780	573.28
50790	573.42
50800	573.47
50810	573.59
50820	573.6
50830	573.7
50840	573.8
50850	573.87
50860	573.85
50870	573.91
50880	573.97
50890	573.98
50900	574.06
50910	574.04
50920	574.1
50930	574.08
50940	574.16
50950	574.26
50960	574.39
50970	574.43
50980	574.47
50990	574.49
51000	574.55
51010	574.58
51020	574.63
51030	574.64
51040	574.73
51050	574.78
51060	574.84
51070	574.87
51080	574.87
51090	574.98
51100	575.0
51110	575.04
51120	575.16
51130	575.23
51140	575.31
51150	575.35
51160	575.46
51170	575.51
51180	575.56
51190	575.57
51200	575.59
51210	575.6
51220	575.6
51230	575.67
51240	575.75
51250	575.79
51260	575.76
51270	575.78
51280	575.79
51290	575.82
51300	575.83
51310	575.83
51320	575.91
51330	576.02
51340	576.06
51350	576.16
51360	576.28
51370	576.35
51380	576.45
51390	576.41
51400	576.46
51410	576.46
51420	576.52
51430	576.54
51440	576.61
51450	576.62
51460	576.8
51470	576.86
51480	576.9
51490	576.91
51500	576.94
51510	576.92
51520	576.97
51530	577.01
51540	577.02
51550	576.98
51560	577.06
51570	577.1
51580	577.16
51590	577.18
51600	577.26
51610	577.27
51620	577.34
51630	577.46
51640	577.54
51650	577.6
51660	577.65
51670	577.64
51680	577.74
51690	577.76
51700	577.79
51710	577.8
51720	577.85
51730	577.87
51740	577.97
51750	577.99
51760	578.06
51770	578.1
51780	578.19
51790	578.18
51800	578.27
51810	578.27
51820	578.31
51830	578.4
51840	578.48
51850	578.53
51860	578.53
51870	578.6
51880	578.6
51890	578.67
51900	578.7
51910	578.73
51920	578.76
51930	578.78
51940	578.81
51950	578.89
51960	578.94
51970	578.95
51980	579.0
51990	579.05
52000	579.11
52010	579.09
52020	579.19
52030	579.24
52040	579.28
52050	579.31
52060	579.32
52070	579.25
52080	579.28
52090	579.4
52100	579.47
52110	579.54
52120	579.6
52130	579.6
52140	579.63
52150	579.65
52160	579.69
52170	579.71
52180	579.69
52190	579.7
52200	579.73
52210	579.71
52220	579.75
52230	579.72
52240	579.88
52250	579.94
52260	579.99
52270	579.99
52280	580.04
52290	580.02
52300	580.06
52310	580.12
52320	580.2
52330	580.24
52340	580.24
52350	580.27
52360	580.28
52370	580.28
52380	580.27
52390	580.28
52400	580.25
52410	580.31
52420	580.39
52430	580.42
52440	580.48
52450	580.48
52460	580.58
52470	580.66
52480	580.77
52490	580.84
52500	580.93
52510	581.0
52520	581.06
52530	581.12
52540	581.11
52550	581.15
52560	581.28
52570	581.28
52580	581.36
52590	581.3
52600	581.39
52610	581.39
52620	581.41
52630	581.48
52640	581.57
52650	581.63
52660	581.68
52670	581.73
52680	581.76
52690	581.78
52700	581.77
52710	581.79
52720	581.74
52730	581.88
52740	581.95
52750	581.99
52760	582.04
52770	582.13
52780	582.25
52790	582.24
52800	582.25
52810	582.29
52820	582.36
52830	582.35
52840	582.35
52850	582.36
52860	582.44
52870	582.49
52880	582.54
52890	582.61
52900	582.65
52910	582.68
52920	582.82
52930	582.85
52940	582.92
52950	582.87
52960	582.89
52970	583.01
52980	583.09
52990	583.11
53000	583.2
53010	583.22
53020	583.27
53030	583.26
53040	583.41
53050	583.46
53060	583.56
53070	583.76
53080	583.86
53090	583.96
53100	584.01
53110	584.1
53120	584.1
53130	584.23
53140	584.39
53150	584.46
53160	584.46
53170	584.53
53180	584.63
53190	584.64
53200	584.77
53210	584.79
53220	584.76
53230	584.82
53240	584.86
53250	584.9
53260	585.06
53270	585.08
53280	585.07
53290	585.09
53300	585.19
53310	585.2
53320	585.2
53330	585.28
53340	585.34
53350	585.45
53360	585.55
53370	585.72
53380	585.77
53390	585.77
53400	585.81
53410	585.87
53420	585.92
53430	585.97
53440	586.01
53450	585.95
53460	585.99
53470	586.03
53480	586.08
53490	586.13
53500	586.18
53510	586.2
53520	586.27
53530	586.31
53540	586.37
53550	586.43
53560	586.5
53570	586.54
53580	586.59
53590	586.61
53600	586.64
53610	586.73
53620	586.8
53630	586.79
53640	586.77
53650	586.8
53660	586.86
53670	586.95
53680	587.02
53690	587.07
53700	587.13
53710	587.2
53720	587.27
53730	587.28
53740	587.28
53750	587.37
53760	587.46
53770	587.5
53780	587.53
53790	587.62
53800	587.63
53810	587.63
53820	587.71
53830	587.78
53840	587.92
53850	588.01
53860	588.13
53870	588.19
53880	588.21
53890	588.27
53900	588.34
53910	588.4
53920	588.44
53930	588.55
53940	588.55
53950	588.58
53960	588.57
53970	588.63
53980	588.69
53990	588.76
54000	588.8
54010	588.84
54020	588.9
54030	588.94
54040	589.02
54050	589.08
54060	589.15
54070	589.13
54080	589.16
54090	589.25
54100	589.29
54110	589.35
54120	589.47
54130	589.49
54140	589.49
54150	589.56
54160	589.6
54170	589.63
54180	589.63
54190	589.68
54200	589.75
54210	589.78
54220	589.82
54230	589.87
54240	589.94
54250	589.94
54260	589.96
54270	590.03
54280	590.08
54290	590.14
54300	590.19
54310	590.26
54320	590.32
54330	590.34
54340	590.45
54350	590.51
54360	590.58
54370	590.6
54380	590.74
54390	590.84
54400	590.88
54410	590.93
54420	590.95
54430	590.98
54440	590.97
54450	591.01
54460	590.96
54470	590.97
54480	591.04
54490	591.07
54500	591.08
54510	591.12
54520	591.17
54530	591.15
54540	591.2
54550	591.32
54560	591.43
54570	591.5
54580	591.49
54590	591.59
54600	591.68
54610	591.7
54620	591.74
54630	591.84
54640	591.9
54650	591.99
54660	591.98
54670	591.97
54680	591.99
54690	592.06
54700	592.12
54710	592.13
54720	592.19
54730	592.2
54740	592.24
54750	592.28
54760	592.33
54770	592.36
54780	592.45
54790	592.52
54800	592.59
54810	592.55
54820	592.6
54830	592.65
54840	592.67
54850	592.71
54860	592.77
54870	592.84
54880	592.91
54890	592.91
54900	592.88
54910	592.92
54920	592.98
54930	593.04
54940	593.07
54950	593.04
54960	593.06
54970	593.11
54980	593.14
54990	593.15
55000	593.15
55010	593.2
55020	593.19
55030	593.28
55040	593.28
55050	593.3
55060	593.38
55070	593.46
55080	593.55
55090	593.66
55100	593.67
55110	593.62
55120	593.66
55130	593.74
55140	593.74
55150	593.83
55160	593.9
55170	593.92
55180	593.89
55190	593.91
55200	594.0
55210	594.07
55220	594.13
55230	594.21
55240	594.26
55250	594.43
55260	594.5
55270	594.58
55280	594.65
55290	594.7
55300	594.72
55310	594.8
55320	594.85
55330	594.91
55340	595.04
55350	595.09
55360	595.16
55370	595.17
55380	595.3
55390	595.32
55400	595.35
55410	595.4
55420	595.45
55430	595.47
55440	595.44
55450	595.53
55460	595.56
55470	595.58
55480	595.61
55490	595.66
55500	595.66
55510	595.73
55520	595.74
55530	595.83
55540	595.87
55550	595.96
55560	596.04
55570	596.04
55580	596.05
55590	596.13
55600	596.18
55610	596.29
55620	596.35
55630	596.39
55640	596.51
55650	596.63
55660	596.72
55670	596.74
55680	596.79
55690	596.82
55700	596.83
55710	596.88
55720	596.88
55730	596.93
55740	596.96
55750	596.97
55760	596.99
55770	597.12
55780	597.22
55790	597.27
55800	597.31
55810	597.34
55820	597.36
55830	597.42
55840	597.46
55850	597.51
55860	597.59
55870	597.63
55880	597.68
55890	597.71
55900	597.75
55910	597.78
55920	597.74
55930	597.82
55940	597.92
55950	598.0
55960	598.0
55970	598.01
55980	598.06
55990	598.12
56000	598.14
56010	598.18
56020	598.24
56030	598.29
56040	598.31
56050	598.29
56060	598.33
56070	598.38
56080	598.47
56090	598.5
56100	598.55
56110	598.6
56120	598.63
56130	598.66
56140	598.72
56150	598.73
56160	598.85
56170	598.95
56180	598.98
56190	599.01
56200	599.03
56210	599.11
56220	599.19
56230	599.2
56240	599.21
56250	599.18
56260	599.33
56270	599.31
56280	599.29
56290	599.37
56300	599.45
56310	599.48
56320	599.53
56330	599.64
56340	599.67
56350	599.74
56360	599.75
56370	599.75
56380	599.86
56390	599.91
56400	599.9
56410	599.94
56420	600.01
56430	600.03
56440	600.07
56450	600.09
56460	600.16
56470	600.24
56480	600.29
56490	600.31
56500	600.28
56510	600.37
56520	600.37
56530	600.45
56540	600.48
56550	600.5
56560	600.58
56570	600.65
56580	600.76
56590	600.84
56600	600.91
56610	600.91
56620	600.98
56630	601.02
56640	601.02
56650	601.06
56660	601.07
56670	601.14
56680	601.12
56690	601.12
56700	601.1
56710	601.18
56720	601.18
56730	601.28
56740	601.39
56750	601.45
56760	601.45
56770	601.58
56780	601.65
56790	601.67
56800	601.71
56810	601.76
56820	601.77
56830	601.81
56840	601.84
56850	601.91
56860	601.93
56870	602.02
56880	602.05
56890	602.03
56900	602.01
56910	602.14
56920	602.18
56930	602.25
56940	602.31
56950	602.39
56960	602.42
56970	602.52
56980	602.61
56990	602.66
57000	602.69
57010	602.76
57020	602.8
57030	602.85
57040	602.87
57050	602.84
57060	602.93
57070	602.9
57080	602.89
57090	602.86
57100	602.88
57110	602.94
57120	602.98
57130	603.04
57140	603.08
57150	603.11
57160	603.18
57170	603.28
57180	603.34
57190	603.38
57200	603.41
57210	603.48
57220	603.49
57230	603.62
57240	603.71
57250	603.84
57260	603.89
57270	603.97
57280	604.02
57290	604.07
57300	604.11
57310	604.21
57320	604.2
57330	604.27
57340	604.29
57350	604.29
57360	604.3
57370	604.36
57380	604.38
57390	604.35
57400	604.4
57410	604.42
57420	604.47
57430	604.5
57440	604.57
57450	604.67
57460	604.79
57470	604.85
57480	604.9
57490	604.95
57500	604.93
57510	605.0
57520	605.05
57530	605.06
57540	605.16
57550	605.17
57560	605.2
57570	605.18
57580	605.28
57590	605.3
57600	605.36
57610	605.46
57620	605.43
57630	605.53
57640	605.49
57650	605.5
57660	605.57
57670	605.59
57680	605.59
57690	605.68
57700	605.69
57710	605.74
57720	605.77
57730	605.83
57740	605.88
57750	605.95
57760	605.99
57770	605.98
57780	606.05
57790	606.06
57800	606.08
57810	606.09
57820	606.14
57830	606.14
57840	606.18
57850	606.25
57860	606.27
57870	606.29
57880	606.38
57890	606.41
57900	606.46
57910	606.48
57920	606.47
57930	606.52
57940	606.59
57950	606.66
57960	606.66
57970	606.71
57980	606.75
57990	606.73
58000	606.72
58010	606.77
58020	606.81
58030	606.82
58040	606.89
58050	606.94
58060	606.96
58070	607.0
58080	607.07
58090	607.12
58100	607.18
58110	607.22
58120	607.27
58130	607.2
58140	607.29
58150	607.28
58160	607.31
58170	607.43
58180	607.41
58190	607.45
58200	607.47
58210	607.45
58220	607.42
58230	607.43
58240	607.48
58250	607.49
58260	607.55
58270	607.59
58280	607.67
58290	607.67
58300	607.65
58310	607.73
58320	607.79
58330	607.74
58340	607.79
58350	607.83
58360	607.89
58370	607.91
58380	607.95
58390	608.1
58400	608.19
58410	608.21
58420	608.24
58430	608.28
58440	608.37
58450	608.34
58460	608.51
58470	608.56
58480	608.6
58490	608.63
58500	608.72
58510	608.79
58520	608.76
58530	608.79
58540	608.8
58550	608.8
58560	608.84
58570	608.92
58580	608.97
58590	608.95
58600	608.98
58610	609.12
58620	609.11
58630	609.21
58640	609.25
58650	609.31
58660	609.33
58670	609.38
58680	609.41
58690	609.41
58700	609.46
58710	609.53
58720	609.57
58730	609.63
58740	609.65
58750	609.78
58760	609.86
58770	609.87
58780	609.88
58790	609.94
58800	609.98
58810	610.02
58820	610.07
58830	610.08
58840	610.12
58850	610.15
58860	610.27
58870	610.36
58880	610.37
58890	610.4
58900	610.5
58910	610.56
58920	610.61
58930	610.68
58940	610.69
58950	610.71
58960	610.72
58970	610.81
58980	610.84
58990	610.87
59000	610.87
59010	610.97
59020	611.0
59030	610.99
59040	611.03
59050	611.09
59060	611.14
59070	611.19
59080	611.22
59090	611.28
59100	611.25
59110	611.25
59120	611.28
59130	611.36
59140	611.38
59150	611.37
59160	611.42
59170	611.48
59180	611.51
59190	611.61
59200	611.64
59210	611.69
59220	611.72
59230	611.75
59240	611.81
59250	611.84
59260	611.84
59270	611.87
59280	611.94
59290	612.01
59300	612.04
59310	612.11
59320	612.14
59330	612.18
59340	612.22
59350	612.26
59360	612.29
59370	612.29
59380	612.4
59390	612.51
59400	612.5
59410	612.51
59420	612.57
59430	612.63
59440	612.66
59450	612.69
59460	612.83
59470	612.85
59480	612.91
59490	612.97
59500	613.09
59510	613.12
59520	613.14
59530	613.21
59540	613.26
59550	613.32
59560	613.32
59570	613.38
59580	613.43
59590	613.47
59600	613.48
59610	613.56
59620	613.61
59630	613.72
59640	613.81
59650	613.9
59660	613.97
59670	614.07
59680	614.13
59690	614.24
59700	614.27
59710	614.3
59720	614.27
59730	614.32
59740	614.44
59750	614.43
59760	614.47
59770	614.54
59780	614.63
59790	614.66
59800	614.79
59810	614.83
59820	614.91
59830	615.01
59840	615.05
59850	615.1
59860	615.16
59870	615.29
59880	615.33
59890	615.3
59900	615.38
59910	615.35
59920	615.29
59930	615.34
59940	615.34
59950	615.39
59960	615.46
59970	615.51
59980	615.47
59990	615.56
60000	615.66
