10	0.65
20	1.11
30	1.38
40	1.64
50	2.13
60	2.62
70	2.98
80	3.39
90	3.98
100	4.42
110	4.72
120	5.21
130	5.42
140	5.7
150	6.15
160	6.62
170	7.03
180	7.09
190	7.73
200	8.08
210	8.38
220	8.8
230	9.14
240	9.34
250	9.63
260	9.98
270	10.27
280	10.6
290	11.17
300	11.54
310	11.86
320	12.23
330	12.51
340	12.82
350	13.11
360	13.52
370	13.9
380	14.33
390	14.78
400	15.19
410	15.43
420	15.77
430	15.98
440	16.57
450	17.02
460	17.5
470	17.68
480	18.04
490	18.45
500	18.8
510	19.06
520	19.45
530	19.7
540	20.03
550	20.45
560	21.09
570	21.43
580	21.68
590	22.11
600	22.4
610	22.79
620	23.12
630	23.55
640	23.85
650	24.24
660	24.57
670	24.86
680	25.17
690	25.54
700	25.76
710	26.24
720	26.84
730	27.23
740	27.45
750	27.84
760	28.1
770	28.45
780	28.85
790	29.32
800	29.69
810	29.98
820	30.21
830	30.56
840	31.01
850	31.28
860	31.71
870	31.99
880	32.43
890	32.89
900	33.21
910	33.52
920	33.9
930	34.14
940	34.43
950	34.79
960	35.07
970	35.34
980	35.69
990	36.13
1000	36.43
1010	36.62
1020	36.99
1030	37.18
1040	37.23
1050	37.69
1060	38.05
1070	38.44
1080	38.72
1090	39.12
1100	39.36
1110	39.75
1120	40.22
1130	40.63
1140	41.08
1150	41.43
1160	41.69
1170	42.08
1180	42.47
1190	42.67
1200	43.01
1210	43.31
1220	43.61
1230	44.04
1240	44.36
1250	44.7
1260	44.9
1270	45.13
1280	45.48
1290	45.93
1300	46.23
1310	46.73
1320	47.17
1330	47.53
1340	47.79
1350	48.34
1360	48.72
1370	49.15
1380	49.4
1390	49.7
1400	49.86
1410	50.17
1420	50.27
1430	50.71
1440	50.95
1450	51.43
1460	51.83
1470	52.21
1480	52.52
1490	52.98
1500	53.36
1510	54.03
1520	54.5
1530	54.84
1540	55.08
1550	55.54
1560	55.78
1570	56.1
1580	56.31
1590	56.61
1600	56.88
1610	57.15
1620	57.67
1630	58.06
1640	58.41
1650	58.54
1660	59.06
1670	59.33
1680	59.83
1690	60.33
1700	60.83
1710	61.32
1720	61.67
1730	62.05
1740	62.37
1750	62.62
1760	62.98
1770	63.06
1780	63.4
1790	63.77
1800	64.17
1810	64.73
1820	64.98
1830	65.32
1840	65.85
1850	66.13
1860	66.31
1870	66.68
1880	66.86
1890	67.5
1900	67.62
1910	68.01
1920	68.23
1930	68.44
1940	68.79
1950	69.02
1960	69.16
1970	69.47
1980	69.67
1990	69.91
2000	70.19
2010	70.43
2020	70.99
2030	71.29
2040	71.94
2050	72.32
2060	72.58
2070	72.86
2080	73.27
2090	73.53
2100	74.04
2110	74.29
2120	74.57
2130	75.02
2140	75.29
2150	75.54
2160	75.75
2170	76.16
2180	76.38
2190	76.7
2200	77.05
2210	77.37
2220	77.56
2230	77.8
2240	78.14
2250	78.57
2260	78.94
2270	79.15
2280	79.64
2290	80.0
2300	80.37
2310	80.89
2320	81.22
2330	81.42
2340	81.65
2350	81.93
2360	82.18
2370	82.4
2380	82.67
2390	82.78
2400	83.24
2410	83.57
2420	83.96
2430	84.21
2440	84.63
2450	84.99
2460	85.31
2470	85.86
2480	86.32
2490	86.53
2500	86.88
2510	87.23
2520	87.48
2530	87.92
2540	88.17
2550	88.25
2560	88.37
2570	88.73
2580	88.93
2590	89.23
2600	89.6
2610	89.95
2620	90.22
2630	90.46
2640	90.89
2650	91.26
2660	91.48
2670	91.78
2680	91.98
2690	92.32
2700	92.64
2710	92.89
2720	93.22
2730	93.55
2740	93.78
2750	93.84
2760	94.11
2770	94.5
2780	94.81
2790	95.04
2800	95.4
2810	95.7
2820	95.95
2830	96.24
2840	96.61
2850	96.89
2860	97.17
2870	97.43
2880	97.72
2890	98.02
2900	98.36
2910	98.52
2920	98.82
2930	99.05
2940	99.39
2950	99.62
2960	99.86
2970	100.04
2980	100.37
2990	100.62
3000	100.91
3010	101.22
3020	101.42
3030	101.6
3040	101.63
3050	102.01
3060	102.34
3070	102.63
3080	102.89
3090	103.16
3100	103.43
3110	103.75
3120	103.98
3130	104.22
3140	104.55
3150	105.01
3160	105.44
3170	105.71
3180	105.87
3190	105.97
3200	106.13
3210	106.5
3220	106.76
3230	107.04
3240	107.41
3250	107.7
3260	107.91
3270	107.97
3280	108.1
3290	108.39
3300	108.75
3310	109.02
3320	109.29
3330	109.57
3340	109.76
3350	110.09
3360	110.25
3370	110.66
3380	110.81
3390	111.24
3400	111.52
3410	111.82
3420	112.18
3430	112.53
3440	112.98
3450	113.27
3460	113.63
3470	113.9
3480	114.07
3490	114.36
3500	114.59
3510	114.97
3520	115.38
3530	115.6
3540	115.79
3550	116.15
3560	116.37
3570	116.57
3580	116.89
3590	117.14
3600	117.54
3610	117.92
3620	118.1
3630	118.34
3640	118.54
3650	118.84
3660	119.2
3670	119.56
3680	119.89
3690	120.21
3700	120.53
3710	120.94
3720	121.2
3730	121.5
3740	121.6
3750	121.9
3760	122.16
3770	122.33
3780	122.46
3790	122.49
3800	122.72
3810	122.87
3820	123.08
3830	123.23
3840	123.54
3850	123.76
3860	123.87
3870	124.29
3880	124.61
3890	124.84
3900	125.03
3910	125.18
3920	125.45
3930	125.55
3940	125.81
3950	126.14
3960	126.28
3970	126.46
3980	126.74
3990	127.06
4000	127.38
4010	127.52
4020	127.76
4030	127.92
4040	128.26
4050	128.48
4060	128.78
4070	129.09
4080	129.45
4090	129.57
4100	129.91
4110	129.97
4120	130.23
4130	130.31
4140	130.48
4150	130.94
4160	131.18
4170	131.32
4180	131.56
4190	131.82
4200	132.04
4210	132.25
4220	132.61
4230	132.83
4240	133.02
4250	133.24
4260	133.42
4270	133.64
4280	133.79
4290	133.93
4300	134.24
4310	134.53
4320	134.75
4330	134.97
4340	135.22
4350	135.55
4360	135.68
4370	135.81
4380	136.0
4390	136.25
4400	136.41
4410	136.7
4420	137.03
4430	137.2
4440	137.54
4450	137.67
4460	138.11
4470	138.36
4480	138.57
4490	138.78
4500	138.95
4510	139.27
4520	139.53
4530	139.81
4540	140.01
4550	140.14
4560	140.3
4570	140.49
4580	140.8
4590	141.09
4600	141.07
4610	141.4
4620	141.75
4630	141.9
4640	142.16
4650	142.4
4660	142.58
4670	142.8
4680	143.18
4690	143.4
4700	143.62
4710	143.84
4720	143.99
4730	144.33
4740	144.58
4750	144.8
4760	145.12
4770	145.23
4780	145.6
4790	145.8
4800	145.99
4810	146.24
4820	146.32
4830	146.54
4840	146.85
4850	147.08
4860	147.25
4870	147.41
4880	147.7
4890	147.92
4900	148.19
4910	148.45
4920	148.66
4930	148.9
4940	149.11
4950	149.25
4960	149.38
4970	149.61
4980	149.73
4990	149.9
5000	150.12
5010	150.31
5020	150.54
5030	150.73
5040	150.93
5050	151.04
5060	151.28
5070	151.5
5080	151.66
5090	151.89
5100	152.13
5110	152.36
5120	152.68
5130	152.9
5140	152.89
5150	153.16
5160	153.49
5170	153.78
5180	154.02
5190	154.22
5200	154.39
5210	154.72
5220	154.86
5230	155.0
5240	155.12
5250	155.4
5260	155.72
5270	155.97
5280	156.09
5290	156.31
5300	156.46
5310	156.77
5320	156.97
5330	157.15
5340	157.45
5350	157.65
5360	157.89
5370	158.13
5380	158.27
5390	158.44
5400	158.73
5410	158.78
5420	158.89
5430	159.1
5440	159.48
5450	159.62
5460	159.86
5470	160.04
5480	160.23
5490	160.25
5500	160.33
5510	160.61
5520	160.78
5530	160.92
5540	161.14
5550	161.33
5560	161.53
5570	161.63
5580	161.76
5590	161.97
5600	162.32
5610	162.49
5620	162.64
5630	162.68
5640	162.81
5650	163.06
5660	163.13
5670	163.29
5680	163.5
5690	163.8
5700	164.03
5710	164.27
5720	164.58
5730	164.75
5740	164.87
5750	165.02
5760	165.24
5770	165.32
5780	165.52
5790	165.56
5800	165.66
5810	165.76
5820	165.86
5830	165.96
5840	165.98
5850	166.16
5860	166.24
5870	166.42
5880	166.47
5890	166.77
5900	166.96
5910	167.1
5920	167.27
5930	167.51
5940	167.69
5950	168.04
5960	168.27
5970	168.46
5980	168.71
5990	168.97
6000	169.0
6010	169.12
6020	169.25
6030	169.39
6040	169.58
6050	169.65
6060	170.04
6070	170.24
6080	170.44
6090	170.71
6100	170.92
6110	171.18
6120	171.41
6130	171.68
6140	171.83
6150	172.1
6160	172.27
6170	172.41
6180	172.58
6190	172.79
6200	172.97
6210	173.11
6220	173.31
6230	173.46
6240	173.69
6250	173.98
6260	174.15
6270	174.19
6280	174.33
6290	174.55
6300	174.76
6310	174.88
6320	175.13
6330	175.25
6340	175.38
6350	175.47
6360	175.7
6370	175.88
6380	175.93
6390	176.11
6400	176.3
6410	176.45
6420	176.6
6430	176.77
6440	176.82
6450	177.01
6460	177.12
6470	177.32
6480	177.52
6490	177.7
6500	177.93
6510	178.03
6520	178.13
6530	178.42
6540	178.55
6550	178.82
6560	178.95
6570	179.19
6580	179.33
6590	179.6
6600	179.62
6610	179.87
6620	180.08
6630	180.3
6640	180.54
6650	180.72
6660	180.74
6670	180.87
6680	181.12
6690	181.26
6700	181.33
6710	181.59
6720	181.75
6730	181.91
6740	182.04
6750	182.2
6760	182.33
6770	182.58
6780	182.67
6790	182.94
6800	183.17
6810	183.25
6820	183.49
6830	183.66
6840	183.73
6850	183.94
6860	184.07
6870	184.27
6880	184.39
6890	184.52
6900	184.63
6910	184.8
6920	184.91
6930	185.02
6940	185.25
6950	185.36
6960	185.49
6970	185.64
6980	185.82
6990	186.04
7000	186.32
7010	186.47
7020	186.65
7030	186.76
7040	187.02
7050	187.24
7060	187.43
7070	187.59
7080	187.78
7090	187.9
7100	188.09
7110	188.24
7120	188.35
7130	188.48
7140	188.58
7150	188.64
7160	188.74
7170	188.78
7180	188.93
7190	189.15
7200	189.36
7210	189.43
7220	189.47
7230	189.55
7240	189.64
7250	189.88
7260	190.08
7270	190.09
7280	190.33
7290	190.54
7300	190.59
7310	190.65
7320	190.69
7330	190.86
7340	191.01
7350	191.1
7360	191.18
7370	191.28
7380	191.36
7390	191.5
7400	191.59
7410	191.73
7420	191.92
7430	192.16
7440	192.34
7450	192.53
7460	192.67
7470	192.8
7480	192.84
7490	192.95
7500	193.09
7510	193.21
7520	193.34
7530	193.48
7540	193.57
7550	193.6
7560	193.64
7570	193.81
7580	193.99
7590	194.08
7600	194.21
7610	194.28
7620	194.38
7630	194.44
7640	194.52
7650	194.67
7660	194.75
7670	194.82
7680	194.89
7690	195.0
7700	195.13
7710	195.22
7720	195.52
7730	195.74
7740	195.86
7750	195.99
7760	196.16
7770	196.44
7780	196.51
7790	196.68
7800	196.78
7810	196.9
7820	197.03
7830	197.23
7840	197.24
7850	197.27
7860	197.48
7870	197.56
7880	197.51
7890	197.62
7900	197.79
7910	197.87
7920	198.0
7930	198.1
7940	198.24
7950	198.32
7960	198.43
7970	198.63
7980	198.77
7990	198.93
8000	198.94
8010	199.12
8020	199.29
8030	199.38
8040	199.49
8050	199.61
8060	199.75
8070	199.77
8080	199.88
8090	200.12
8100	200.32
8110	200.38
8120	200.57
8130	200.68
8140	200.9
8150	201.02
8160	201.06
8170	201.26
8180	201.34
8190	201.48
8200	201.65
8210	201.79
8220	201.94
8230	202.08
8240	202.16
8250	202.15
8260	202.25
8270	202.29
8280	202.3
8290	202.43
8300	202.56
8310	202.79
8320	202.91
8330	203.05
8340	203.12
8350	203.16
8360	203.19
8370	203.33
8380	203.3
8390	203.37
8400	203.42
8410	203.58
8420	203.64
8430	203.82
8440	203.93
8450	204.04
8460	204.15
8470	204.33
8480	204.45
8490	204.57
8500	204.72
8510	204.93
8520	205.0
8530	205.05
8540	205.12
8550	205.24
8560	205.33
8570	205.4
8580	205.48
8590	205.63
8600	205.66
8610	205.74
8620	205.86
8630	206.0
8640	206.1
8650	206.15
8660	206.14
8670	206.35
8680	206.51
8690	206.56
8700	206.61
8710	206.73
8720	206.97
8730	207.17
8740	207.31
8750	207.38
8760	207.44
8770	207.42
8780	207.52
8790	207.62
8800	207.78
8810	207.82
8820	207.99
8830	208.11
8840	208.18
8850	208.19
8860	208.24
8870	208.27
8880	208.36
8890	208.46
8900	208.72
8910	208.85
8920	208.86
8930	208.98
8940	209.08
8950	209.18
8960	209.28
8970	209.21
8980	209.36
8990	209.41
9000	209.49
9010	209.68
9020	209.78
9030	209.92
9040	210.01
9050	210.17
9060	210.32
9070	210.42
9080	210.57
9090	210.72
9100	210.75
9110	210.75
9120	210.85
9130	210.99
9140	211.08
9150	211.09
9160	211.29
9170	211.34
9180	211.36
9190	211.46
9200	211.51
9210	211.51
9220	211.77
9230	211.8
9240	211.95
9250	212.08
9260	212.2
9270	212.27
9280	212.34
9290	212.45
9300	212.48
9310	212.6
9320	212.68
9330	212.79
9340	212.91
9350	213.05
9360	213.16
9370	213.25
9380	213.34
9390	213.3
9400	213.35
9410	213.38
9420	213.43
9430	213.47
9440	213.58
9450	213.58
9460	213.76
9470	213.89
9480	214.07
9490	214.1
9500	214.15
9510	214.29
9520	214.38
9530	214.45
9540	214.58
9550	214.71
9560	214.87
9570	215.03
9580	215.16
9590	215.3
9600	215.36
9610	215.49
9620	215.5
9630	215.68
9640	215.84
9650	215.93
9660	215.9
9670	215.92
9680	215.94
9690	216.13
9700	216.27
9710	216.35
9720	216.42
9730	216.58
9740	216.69
9750	216.81
9760	216.87
9770	217.05
9780	217.14
9790	217.25
9800	217.34
9810	217.43
9820	217.43
9830	217.67
9840	217.69
9850	217.83
9860	217.92
9870	218.02
9880	218.11
9890	218.16
9900	218.26
9910	218.33
9920	218.47
9930	218.61
9940	218.69
9950	218.71
9960	218.74
9970	218.79
9980	218.82
9990	218.83
10000	218.94
10010	219.06
10020	219.17
10030	219.23
10040	219.32
10050	219.45
10060	219.51
10070	219.66
10080	219.71
10090	219.85
10100	219.96
10110	220.14
10120	220.09
10130	220.21
10140	220.25
10150	220.38
10160	220.48
10170	220.52
10180	220.66
10190	220.64
10200	220.65
10210	220.76
10220	220.93
10230	220.95
10240	221.04
10250	221.11
10260	221.13
10270	221.2
10280	221.25
10290	221.34
10300	221.5
10310	221.62
10320	221.69
10330	221.7
10340	221.77
10350	221.94
10360	221.98
10370	221.96
10380	221.98
10390	221.92
10400	222.0
10410	222.02
10420	222.11
10430	222.11
10440	222.16
10450	222.31
10460	222.44
10470	222.56
10480	222.59
10490	222.65
10500	222.83
10510	222.96
10520	223.1
10530	223.16
10540	223.26
10550	223.27
10560	223.34
10570	223.42
10580	223.55
10590	223.73
10600	223.85
10610	223.85
10620	223.96
10630	224.0
10640	224.06
10650	224.11
10660	224.1
10670	224.09
10680	224.18
10690	224.23
10700	224.32
10710	224.37
10720	224.52
10730	224.52
10740	224.6
10750	224.71
10760	224.79
10770	224.91
10780	225.0
10790	225.1
10800	225.18
10810	225.26
10820	225.39
10830	225.49
10840	225.48
10850	225.64
10860	225.7
10870	225.88
10880	225.91
10890	226.0
10900	226.01
10910	226.04
10920	226.05
10930	226.15
10940	226.14
10950	226.24
10960	226.26
10970	226.3
10980	226.37
10990	226.44
11000	226.58
11010	226.59
11020	226.61
11030	226.58
11040	226.65
11050	226.66
11060	226.79
11070	226.93
11080	227.02
11090	227.13
11100	227.28
11110	227.27
11120	227.47
11130	227.55
11140	227.64
11150	227.69
11160	227.78
11170	227.82
11180	227.92
11190	227.98
11200	228.17
11210	228.25
11220	228.32
11230	228.47
11240	228.57
11250	228.72
11260	228.8
11270	228.98
11280	229.02
11290	229.0
11300	229.02
11310	229.09
11320	229.12
11330	229.21
11340	229.26
11350	229.31
11360	229.51
11370	229.49
11380	229.6
11390	229.65
11400	229.71
11410	229.79
11420	229.87
11430	229.95
11440	229.97
11450	230.07
11460	230.14
11470	230.23
11480	230.31
11490	230.34
11500	230.47
11510	230.5
11520	230.57
11530	230.6
11540	230.72
11550	230.85
11560	231.03
11570	231.09
11580	231.17
11590	231.12
11600	231.21
11610	231.24
11620	231.25
11630	231.26
11640	231.28
11650	231.4
11660	231.56
11670	231.72
11680	231.72
11690	231.8
11700	231.96
11710	231.98
11720	231.91
11730	231.95
11740	232.03
11750	232.08
11760	232.17
11770	232.3
11780	232.34
11790	232.39
11800	232.4
11810	232.44
11820	232.54
11830	232.57
11840	232.69
11850	232.79
11860	232.83
11870	232.87
11880	233.0
11890	233.14
11900	233.17
11910	233.22
11920	233.32
11930	233.36
11940	233.52
11950	233.63
11960	233.75
11970	233.8
11980	233.91
11990	233.96
12000	233.96
12010	233.93
12020	234.04
12030	234.1
12040	234.22
12050	234.28
12060	234.4
12070	234.5
12080	234.54
12090	234.58
12100	234.66
12110	234.66
12120	234.71
12130	234.76
12140	234.87
12150	235.03
12160	235.18
12170	235.3
12180	235.41
12190	235.52
12200	235.55
12210	235.65
12220	235.72
12230	235.78
12240	235.81
12250	235.86
12260	235.91
12270	236.08
12280	236.07
12290	236.21
12300	236.25
12310	236.29
12320	236.22
12330	236.25
12340	236.26
12350	236.35
12360	236.42
12370	236.39
12380	236.5
12390	236.61
12400	236.7
12410	236.74
12420	236.82
12430	236.9
12440	236.96
12450	237.02
12460	237.01
12470	236.97
12480	237.04
12490	237.19
12500	237.28
12510	237.33
12520	237.35
12530	237.48
12540	237.47
12550	237.41
12560	237.49
12570	237.55
12580	237.61
12590	237.61
12600	237.71
12610	237.8
12620	237.92
12630	238.01
12640	238.19
12650	238.23
12660	238.28
12670	238.41
12680	238.49
12690	238.62
12700	238.69
12710	238.78
12720	238.82
12730	238.88
12740	238.94
12750	238.99
12760	239.12
12770	239.1
12780	239.24
12790	239.21
12800	239.27
12810	239.33
12820	239.44
12830	239.48
12840	239.53
12850	239.59
12860	239.7
12870	239.83
12880	239.85
12890	239.96
12900	240.1
12910	240.18
12920	240.34
12930	240.46
12940	240.51
12950	240.64
12960	240.71
12970	240.76
12980	240.86
12990	240.97
13000	241.02
13010	241.04
13020	241.15
13030	241.17
13040	241.1
13050	241.07
13060	241.1
13070	241.16
13080	241.2
13090	241.31
13100	241.43
13110	241.5
13120	241.47
13130	241.6
13140	241.68
13150	241.74
13160	241.87
13170	241.96
13180	242.12
13190	242.17
13200	242.12
13210	242.11
13220	242.13
13230	242.13
13240	242.21
13250	242.19
13260	242.27
13270	242.25
13280	242.26
13290	242.27
13300	242.29
13310	242.38
13320	242.5
13330	242.49
13340	242.51
13350	242.61
13360	242.65
13370	242.72
13380	242.81
13390	242.8
13400	242.88
13410	243.0
13420	243.0
13430	243.03
13440	243.08
13450	243.18
13460	243.21
13470	243.16
13480	243.26
13490	243.31
13500	243.42
13510	243.51
13520	243.62
13530	243.65
13540	243.75
13550	243.79
13560	243.82
13570	243.87
13580	243.9
13590	243.91
13600	244.05
13610	244.12
13620	244.08
13630	244.18
13640	244.22
13650	244.3
13660	244.34
13670	244.37
13680	244.54
13690	244.58
13700	244.57
13710	244.67
13720	244.69
13730	244.7
13740	244.74
13750	244.84
13760	244.92
13770	244.95
13780	245.09
13790	245.13
13800	245.19
13810	245.19
13820	245.16
13830	245.26
13840	245.32
13850	245.46
13860	245.46
13870	245.48
13880	245.57
13890	245.6
13900	245.62
13910	245.76
13920	245.74
13930	245.78
13940	245.86
13950	245.93
13960	245.99
13970	246.07
13980	246.16
13990	246.22
14000	246.3
14010	246.26
14020	246.4
14030	246.44
14040	246.52
14050	246.65
14060	246.73
14070	246.77
14080	246.8
14090	246.77
14100	246.77
14110	246.82
14120	246.91
14130	247.01
14140	247.02
14150	247.11
14160	247.15
14170	247.24
14180	247.3
14190	247.4
14200	247.43
14210	247.48
14220	247.56
14230	247.55
14240	247.65
14250	247.68
14260	247.72
14270	247.75
14280	247.81
14290	247.81
14300	247.91
14310	247.92
14320	247.96
14330	248.05
14340	248.12
14350	248.18
14360	248.23
14370	248.28
14380	248.32
14390	248.44
14400	248.46
14410	248.5
14420	248.59
14430	248.66
14440	248.69
14450	248.8
14460	248.84
14470	248.81
14480	248.85
14490	248.85
14500	248.84
14510	248.86
14520	248.84
14530	248.94
14540	249.01
14550	249.04
14560	249.03
14570	249.0
14580	249.04
14590	249.1
14600	249.15
14610	249.21
14620	249.28
14630	249.37
14640	249.47
14650	249.52
14660	249.64
14670	249.7
14680	249.71
14690	249.7
14700	249.65
14710	249.7
14720	249.8
14730	249.84
14740	249.85
14750	249.87
14760	249.89
14770	250.01
14780	250.06
14790	250.11
14800	250.18
14810	250.21
14820	250.29
14830	250.36
14840	250.43
14850	250.57
14860	250.62
14870	250.6
14880	250.6
14890	250.64
14900	250.68
14910	250.77
14920	250.85
14930	250.94
14940	251.01
14950	251.06
14960	251.12
14970	251.21
14980	251.18
14990	251.22
15000	251.26
15010	251.35
15020	251.41
15030	251.48
15040	251.55
15050	251.59
15060	251.62
15070	251.71
15080	251.72
15090	251.76
15100	251.85
15110	251.9
15120	252.0
15130	252.15
15140	252.17
15150	252.18
15160	252.29
15170	252.33
15180	252.33
15190	252.43
15200	252.49
15210	252.64
15220	252.74
15230	252.76
15240	252.82
15250	252.82
15260	252.84
15270	252.87
15280	252.93
15290	252.94
15300	252.95
15310	253.07
15320	253.16
15330	253.16
15340	253.27
15350	253.31
15360	253.35
15370	253.37
15380	253.4
15390	253.47
15400	253.51
15410	253.57
15420	253.64
15430	253.72
15440	253.81
15450	253.86
15460	254.0
15470	254.1
15480	254.11
15490	254.12
15500	254.27
15510	254.43
15520	254.46
15530	254.56
15540	254.6
15550	254.69
15560	254.74
15570	254.84
15580	254.88
15590	254.95
15600	255.0
15610	255.03
15620	255.19
15630	255.21
15640	255.24
15650	255.31
15660	255.29
15670	255.33
15680	255.43
15690	255.52
15700	255.54
15710	255.62
15720	255.69
15730	255.79
15740	255.91
15750	255.87
15760	255.87
15770	255.94
15780	256.01
15790	256.02
15800	256.04
15810	256.14
15820	256.17
15830	256.24
15840	256.28
15850	256.41
15860	256.46
15870	256.47
15880	256.53
15890	256.56
15900	256.6
15910	256.67
15920	256.71
15930	256.72
15940	256.82
15950	256.79
15960	256.84
15970	256.85
15980	256.92
15990	256.96
16000	257.03
16010	257.06
16020	257.17
16030	257.3
16040	257.36
16050	257.41
16060	257.48
16070	257.49
16080	257.57
16090	257.58
16100	257.68
16110	257.7
16120	257.81
16130	257.95
16140	257.95
16150	257.94
16160	257.97
16170	258.02
16180	258.1
16190	258.15
16200	258.27
16210	258.33
16220	258.28
16230	258.29
16240	258.37
16250	258.4
16260	258.44
16270	258.5
16280	258.56
16290	258.6
16300	258.6
16310	258.66
16320	258.76
16330	258.86
16340	258.86
16350	258.93
16360	258.86
16370	258.91
16380	258.95
16390	259.06
16400	259.08
16410	259.14
16420	259.22
16430	259.3
16440	259.36
16450	259.45
16460	259.5
16470	259.49
16480	259.52
16490	259.55
16500	259.62
16510	259.62
16520	259.62
16530	259.66
16540	259.74
16550	259.72
16560	259.75
16570	259.77
16580	259.8
16590	259.82
16600	259.88
16610	259.94
16620	259.97
16630	260.02
16640	260.07
16650	260.06
16660	260.08
16670	260.11
16680	260.21
16690	260.29
16700	260.31
16710	260.4
16720	260.47
16730	260.47
16740	260.44
16750	260.44
16760	260.56
16770	260.62
16780	260.72
16790	260.78
16800	260.88
16810	260.9
16820	260.93
16830	260.97
16840	260.98
16850	261.01
16860	261.13
16870	261.12
16880	261.14
16890	261.16
16900	261.27
16910	261.36
16920	261.44
16930	261.52
16940	261.55
16950	261.59
16960	261.61
16970	261.69
16980	261.75
16990	261.92
17000	262.01
17010	262.11
17020	262.16
17030	262.24
17040	262.32
17050	262.36
17060	262.46
17070	262.46
17080	262.5
17090	262.53
17100	262.58
17110	262.55
17120	262.57
17130	262.7
17140	262.77
17150	262.81
17160	262.87
17170	262.88
17180	262.92
17190	262.98
17200	263.02
17210	263.12
17220	263.15
17230	263.19
17240	263.3
17250	263.37
17260	263.47
17270	263.49
17280	263.52
17290	263.56
17300	263.69
17310	263.73
17320	263.76
17330	263.79
17340	263.74
17350	263.77
17360	263.84
17370	263.92
17380	263.97
17390	264.08
17400	264.03
17410	264.07
17420	264.08
17430	264.16
17440	264.15
17450	264.15
17460	264.2
17470	264.24
17480	264.28
17490	264.39
17500	264.38
17510	264.39
17520	264.42
17530	264.52
17540	264.57
17550	264.64
17560	264.7
17570	264.69
17580	264.76
17590	264.86
17600	264.94
17610	265.06
17620	265.13
17630	265.14
17640	265.26
17650	265.33
17660	265.38
17670	265.4
17680	265.44
17690	265.48
17700	265.5
17710	265.59
17720	265.63
17730	265.62
17740	265.66
17750	265.68
17760	265.68
17770	265.77
17780	265.81
17790	265.89
17800	265.88
17810	265.87
17820	265.89
17830	266.01
17840	266.03
17850	266.11
17860	266.25
17870	266.26
17880	266.33
17890	266.38
17900	266.42
17910	266.52
17920	266.53
17930	266.61
17940	266.59
17950	266.58
17960	266.71
17970	266.75
17980	266.81
17990	266.86
18000	266.86
18010	266.92
18020	266.96
18030	267.05
18040	267.09
18050	267.15
18060	267.17
18070	267.18
18080	267.25
18090	267.3
18100	267.3
18110	267.32
18120	267.42
18130	267.45
18140	267.53
18150	267.61
18160	267.63
18170	267.62
18180	267.6
18190	267.55
18200	267.55
18210	267.56
18220	267.63
18230	267.71
18240	267.8
18250	267.89
18260	267.9
18270	267.97
18280	268.0
18290	268.05
18300	268.08
18310	268.09
18320	268.12
18330	268.2
18340	268.23
18350	268.28
18360	268.3
18370	268.36
18380	268.52
18390	268.56
18400	268.61
18410	268.64
18420	268.69
18430	268.74
18440	268.81
18450	268.87
18460	268.9
18470	269.03
18480	269.08
18490	269.13
18500	269.15
18510	269.18
18520	269.23
18530	269.23
18540	269.2
18550	269.25
18560	269.29
18570	269.34
18580	269.4
18590	269.44
18600	269.46
18610	269.48
18620	269.45
18630	269.49
18640	269.51
18650	269.52
18660	269.51
18670	269.57
18680	269.64
18690	269.72
18700	269.82
18710	269.89
18720	269.98
18730	269.99
18740	269.99
18750	270.05
18760	270.06
18770	270.13
18780	270.21
18790	270.23
18800	270.29
18810	270.4
18820	270.42
18830	270.42
18840	270.46
18850	270.49
18860	270.53
18870	270.57
18880	270.64
18890	270.64
18900	270.65
18910	270.64
18920	270.69
18930	270.76
18940	270.85
18950	270.86
18960	270.92
18970	270.97
18980	271.01
18990	271.02
19000	271.06
19010	271.07
19020	271.05
19030	271.12
19040	271.24
19050	271.29
19060	271.36
19070	271.38
19080	271.41
19090	271.42
19100	271.42
19110	271.47
19120	271.5
19130	271.51
19140	271.57
19150	271.54
19160	271.6
19170	271.62
19180	271.68
19190	271.74
19200	271.83
19210	271.89
19220	271.92
19230	272.0
19240	272.05
19250	272.09
19260	272.16
19270	272.17
19280	272.2
19290	272.25
19300	272.25
19310	272.25
19320	272.23
19330	272.28
19340	272.29
19350	272.39
19360	272.51
19370	272.52
19380	272.61
19390	272.63
19400	272.71
19410	272.73
19420	272.76
19430	272.74
19440	272.73
19450	272.79
19460	272.85
19470	272.89
19480	272.95
19490	272.93
19500	272.99
19510	273.0
19520	273.02
19530	273.04
19540	273.1
19550	273.13
19560	273.19
19570	273.2
19580	273.22
19590	273.34
19600	273.35
19610	273.35
19620	273.42
19630	273.45
19640	273.5
19650	273.46
19660	273.52
19670	273.56
19680	273.6
19690	273.64
19700	273.62
19710	273.69
19720	273.67
19730	273.69
19740	273.75
19750	273.78
19760	273.85
19770	273.84
19780	273.84
19790	273.88
19800	273.87
19810	273.9
19820	273.93
19830	273.95
19840	274.0
19850	274.06
19860	274.12
19870	274.19
19880	274.21
19890	274.26
19900	274.27
19910	274.3
19920	274.34
19930	274.34
19940	274.32
19950	274.36
19960	274.3
19970	274.32
19980	274.36
19990	274.45
20000	274.44
20010	274.41
20020	274.46
20030	274.53
20040	274.5
20050	274.53
20060	274.59
20070	274.65
20080	274.63
20090	274.64
20100	274.66
20110	274.69
20120	274.65
20130	274.67
20140	274.76
20150	274.79
20160	274.87
20170	274.9
20180	275.0
20190	275.06
20200	275.11
20210	275.14
20220	275.2
20230	275.27
20240	275.29
20250	275.35
20260	275.36
20270	275.43
20280	275.5
20290	275.57
20300	275.6
20310	275.62
20320	275.72
20330	275.83
20340	275.85
20350	275.9
20360	276.0
20370	276.0
20380	276.01
20390	276.03
20400	276.1
20410	276.12
20420	276.16
20430	276.18
20440	276.22
20450	276.28
20460	276.26
20470	276.26
20480	276.27
20490	276.32
20500	276.33
20510	276.44
20520	276.45
20530	276.45
20540	276.51
20550	276.57
20560	276.63
20570	276.7
20580	276.74
20590	276.72
20600	276.78
20610	276.81
20620	276.86
20630	276.86
20640	276.91
20650	276.93
20660	276.98
20670	277.05
20680	277.07
20690	277.07
20700	277.11
20710	277.11
20720	277.15
20730	277.19
20740	277.26
20750	277.26
20760	277.27
20770	277.28
20780	277.37
20790	277.43
20800	277.47
20810	277.51
20820	277.54
20830	277.57
20840	277.59
20850	277.58
20860	277.52
20870	277.54
20880	277.49
20890	277.58
20900	277.58
20910	277.61
20920	277.68
20930	277.74
20940	277.73
20950	277.73
20960	277.8
20970	277.84
20980	277.89
20990	277.94
21000	278.02
21010	278.01
21020	277.98
21030	278.06
21040	278.1
21050	278.1
21060	278.1
21070	278.2
21080	278.23
21090	278.31
21100	278.39
21110	278.41
21120	278.48
21130	278.52
21140	278.53
21150	278.55
21160	278.58
21170	278.63
21180	278.65
21190	278.7
21200	278.71
21210	278.72
21220	278.81
21230	278.79
21240	278.81
21250	278.81
21260	278.83
21270	278.88
21280	278.88
21290	278.96
21300	278.99
21310	279.02
21320	279.02
21330	279.05
21340	279.12
21350	279.13
21360	279.23
21370	279.19
21380	279.23
21390	279.35
21400	279.35
21410	279.4
21420	279.48
21430	279.5
21440	279.56
21450	279.57
21460	279.59
21470	279.6
21480	279.61
21490	279.67
21500	279.68
21510	279.71
21520	279.78
21530	279.87
21540	279.9
21550	279.95
21560	279.94
21570	279.97
21580	279.98
21590	280.02
21600	280.07
21610	280.1
21620	280.2
21630	280.27
21640	280.25
21650	280.29
21660	280.3
21670	280.31
21680	280.38
21690	280.42
21700	280.42
21710	280.42
21720	280.42
21730	280.5
21740	280.6
21750	280.66
21760	280.73
21770	280.76
21780	280.85
21790	280.91
21800	280.95
21810	280.92
21820	280.97
21830	281.06
21840	281.06
21850	281.05
21860	281.06
21870	281.09
21880	281.11
21890	281.16
21900	281.2
21910	281.23
21920	281.25
21930	281.29
21940	281.31
21950	281.38
21960	281.43
21970	281.45
21980	281.47
21990	281.52
22000	281.6
22010	281.67
22020	281.66
22030	281.72
22040	281.75
22050	281.8
22060	281.84
22070	281.86
22080	281.92
22090	281.94
22100	281.99
22110	282.07
22120	282.08
22130	282.17
22140	282.14
22150	282.15
22160	282.2
22170	282.24
22180	282.28
22190	282.31
22200	282.31
22210	282.34
22220	282.3
22230	282.36
22240	282.38
22250	282.44
22260	282.49
22270	282.54
22280	282.58
22290	282.58
22300	282.65
22310	282.66
22320	282.63
22330	282.65
22340	282.68
22350	282.67
22360	282.66
22370	282.67
22380	282.69
22390	282.69
22400	282.72
22410	282.75
22420	282.76
22430	282.76
22440	282.77
22450	282.81
22460	282.86
22470	282.83
22480	282.84
22490	282.82
22500	282.84
22510	282.9
22520	282.98
22530	282.98
22540	282.95
22550	282.93
22560	282.93
22570	283.02
22580	283.05
22590	283.06
22600	283.09
22610	283.06
22620	283.1
22630	283.12
22640	283.2
22650	283.23
22660	283.25
22670	283.2
22680	283.21
22690	283.27
22700	283.25
22710	283.31
22720	283.38
22730	283.44
22740	283.51
22750	283.51
22760	283.55
22770	283.54
22780	283.59
22790	283.65
22800	283.69
22810	283.7
22820	283.71
22830	283.74
22840	283.82
22850	283.85
22860	283.87
22870	283.93
22880	283.96
22890	284.0
22900	284.07
22910	284.09
22920	284.1
22930	284.13
22940	284.22
22950	284.26
22960	284.29
22970	284.34
22980	284.38
22990	284.44
23000	284.48
23010	284.53
23020	284.55
23030	284.62
23040	284.63
23050	284.66
23060	284.69
23070	284.71
23080	284.74
23090	284.75
23100	284.74
23110	284.76
23120	284.83
23130	284.82
23140	284.8
23150	284.91
23160	284.96
23170	284.98
23180	284.98
23190	285.01
23200	285.0
23210	284.97
23220	284.98
23230	285.03
23240	285.05
23250	285.09
23260	285.1
23270	285.11
23280	285.13
23290	285.14
23300	285.22
23310	285.23
23320	285.24
23330	285.33
23340	285.34
23350	285.36
23360	285.42
23370	285.42
23380	285.41
23390	285.47
23400	285.53
23410	285.58
23420	285.62
23430	285.59
23440	285.6
23450	285.63
23460	285.58
23470	285.66
23480	285.67
23490	285.65
23500	285.74
23510	285.8
23520	285.8
23530	285.84
23540	285.9
23550	285.87
23560	285.86
23570	285.86
23580	285.89
23590	285.87
23600	285.89
23610	285.86
23620	285.93
23630	286.01
23640	286.04
23650	286.07
23660	286.09
23670	286.08
23680	286.06
23690	286.13
23700	286.2
23710	286.15
23720	286.21
23730	286.27
23740	286.3
23750	286.33
23760	286.32
23770	286.33
23780	286.35
23790	286.38
23800	286.35
23810	286.4
23820	286.36
23830	286.39
23840	286.44
23850	286.5
23860	286.55
23870	286.52
23880	286.51
23890	286.55
23900	286.61
23910	286.67
23920	286.73
23930	286.78
23940	286.81
23950	286.78
23960	286.8
23970	286.83
23980	286.86
23990	286.93
24000	286.94
24010	286.96
24020	286.95
24030	286.97
24040	286.98
24050	287.04
24060	287.06
24070	287.08
24080	287.08
24090	287.16
24100	287.18
24110	287.16
24120	287.17
24130	287.23
24140	287.24
24150	287.26
24160	287.31
24170	287.34
24180	287.36
24190	287.38
24200	287.36
24210	287.4
24220	287.4
24230	287.47
24240	287.45
24250	287.49
24260	287.59
24270	287.6
24280	287.63
24290	287.63
24300	287.65
24310	287.68
24320	287.73
24330	287.73
24340	287.76
24350	287.74
24360	287.74
24370	287.74
24380	287.78
24390	287.82
24400	287.88
24410	287.9
24420	287.91
24430	287.93
24440	287.96
24450	288.04
24460	288.06
24470	288.08
24480	288.07
24490	288.1
24500	288.09
24510	288.09
24520	288.12
24530	288.11
24540	288.14
24550	288.15
24560	288.26
24570	288.32
24580	288.38
24590	288.38
24600	288.36
24610	288.4
24620	288.45
24630	288.56
24640	288.62
24650	288.66
24660	288.72
24670	288.76
24680	288.82
24690	288.84
24700	288.82
24710	288.84
24720	288.94
24730	288.96
24740	288.95
24750	288.98
24760	289.03
24770	289.01
24780	289.01
24790	289.05
24800	289.1
24810	289.17
24820	289.25
24830	289.31
24840	289.34
24850	289.42
24860	289.48
24870	289.48
24880	289.49
24890	289.5
24900	289.48
24910	289.51
24920	289.49
24930	289.55
24940	289.59
24950	289.64
24960	289.68
24970	289.63
24980	289.63
24990	289.67
25000	289.72
25010	289.79
25020	289.76
25030	289.75
25040	289.78
25050	289.79
25060	289.82
25070	289.89
25080	289.93
25090	289.97
25100	290.01
25110	290.09
25120	290.11
25130	290.14
25140	290.16
25150	290.15
25160	290.24
25170	290.3
25180	290.32
25190	290.39
25200	290.42
25210	290.42
25220	290.36
25230	290.39
25240	290.42
25250	290.44
25260	290.41
25270	290.43
25280	290.5
25290	290.5
25300	290.54
25310	290.52
25320	290.52
25330	290.54
25340	290.56
25350	290.57
25360	290.64
25370	290.68
25380	290.75
25390	290.75
25400	290.85
25410	290.9
25420	290.9
25430	290.9
25440	290.97
25450	291.02
25460	291.07
25470	291.09
25480	291.11
25490	291.12
25500	291.12
25510	291.11
25520	291.19
25530	291.21
25540	291.26
25550	291.28
25560	291.33
25570	291.34
25580	291.38
25590	291.45
25600	291.5
25610	291.53
25620	291.61
25630	291.63
25640	291.67
25650	291.7
25660	291.8
25670	291.84
25680	291.85
25690	291.88
25700	291.91
25710	291.92
25720	291.94
25730	292.01
25740	292.01
25750	292.03
25760	292.04
25770	292.08
25780	292.08
25790	292.13
25800	292.2
25810	292.25
25820	292.24
25830	292.31
25840	292.32
25850	292.4
25860	292.46
25870	292.49
25880	292.46
25890	292.46
25900	292.5
25910	292.5
25920	292.5
25930	292.64
25940	292.68
25950	292.77
25960	292.81
25970	292.84
25980	292.83
25990	292.84
26000	292.81
26010	292.77
26020	292.74
26030	292.76
26040	292.76
26050	292.77
26060	292.78
26070	292.79
26080	292.78
26090	292.84
26100	292.87
26110	292.93
26120	292.95
26130	292.97
26140	293.03
26150	293.06
26160	293.05
26170	293.06
26180	293.09
26190	293.15
26200	293.18
26210	293.18
26220	293.19
26230	293.21
26240	293.28
26250	293.27
26260	293.28
26270	293.31
26280	293.35
26290	293.49
26300	293.49
26310	293.49
26320	293.51
26330	293.53
26340	293.59
26350	293.58
26360	293.64
26370	293.67
26380	293.68
26390	293.67
26400	293.67
26410	293.65
26420	293.64
26430	293.68
26440	293.67
26450	293.72
26460	293.7
26470	293.76
26480	293.78
26490	293.79
26500	293.84
26510	293.82
26520	293.87
26530	293.88
26540	293.92
26550	293.95
26560	293.98
26570	294.02
26580	294.06
26590	294.07
26600	294.07
26610	294.09
26620	294.15
26630	294.14
26640	294.13
26650	294.18
26660	294.25
26670	294.25
26680	294.32
26690	294.43
26700	294.44
26710	294.49
26720	294.48
26730	294.52
26740	294.54
26750	294.57
26760	294.58
26770	294.57
26780	294.63
26790	294.66
26800	294.71
26810	294.72
26820	294.73
26830	294.72
26840	294.77
26850	294.8
26860	294.8
26870	294.81
26880	294.84
26890	294.77
26900	294.81
26910	294.8
26920	294.89
26930	294.96
26940	294.96
26950	295.01
26960	295.06
26970	295.08
26980	295.14
26990	295.16
27000	295.18
27010	295.25
27020	295.26
27030	295.25
27040	295.26
27050	295.26
27060	295.29
27070	295.33
27080	295.39
27090	295.42
27100	295.38
27110	295.43
27120	295.44
27130	295.47
27140	295.48
27150	295.53
27160	295.57
27170	295.6
27180	295.57
27190	295.58
27200	295.6
27210	295.63
27220	295.62
27230	295.63
27240	295.69
27250	295.69
27260	295.72
27270	295.79
27280	295.79
27290	295.79
27300	295.8
27310	295.79
27320	295.81
27330	295.82
27340	295.88
27350	295.97
27360	295.97
27370	296.0
27380	296.02
27390	296.02
27400	296.06
27410	296.06
27420	296.08
27430	296.12
27440	296.11
27450	296.18
27460	296.25
27470	296.32
27480	296.31
27490	296.29
27500	296.34
27510	296.37
27520	296.42
27530	296.47
27540	296.48
27550	296.55
27560	296.55
27570	296.57
27580	296.61
27590	296.58
27600	296.61
27610	296.61
27620	296.64
27630	296.68
27640	296.7
27650	296.72
27660	296.77
27670	296.82
27680	296.85
27690	296.9
27700	296.96
27710	296.97
27720	297.04
27730	297.02
27740	297.01
27750	297.01
27760	297.05
27770	297.07
27780	297.1
27790	297.13
27800	297.17
27810	297.18
27820	297.17
27830	297.2
27840	297.23
27850	297.23
27860	297.27
27870	297.3
27880	297.31
27890	297.32
27900	297.37
27910	297.42
27920	297.44
27930	297.52
27940	297.55
27950	297.55
27960	297.6
27970	297.64
27980	297.64
27990	297.64
28000	297.68
28010	297.7
28020	297.73
28030	297.74
28040	297.74
28050	297.81
28060	297.83
28070	297.8
28080	297.79
28090	297.83
28100	297.83
28110	297.83
28120	297.84
28130	297.86
28140	297.94
28150	297.95
28160	297.95
28170	298.0
28180	298.0
28190	298.01
28200	297.98
28210	298.05
28220	298.07
28230	298.07
28240	298.08
28250	298.12
28260	298.14
28270	298.15
28280	298.18
28290	298.2
28300	298.26
28310	298.26
28320	298.22
28330	298.25
28340	298.28
28350	298.25
28360	298.29
28370	298.33
28380	298.4
28390	298.39
28400	298.4
28410	298.44
28420	298.45
28430	298.43
28440	298.52
28450	298.52
28460	298.57
28470	298.66
28480	298.72
28490	298.71
28500	298.75
28510	298.74
28520	298.72
28530	298.7
28540	298.71
28550	298.69
28560	298.71
28570	298.73
28580	298.7
28590	298.72
28600	298.75
28610	298.77
28620	298.83
28630	298.87
28640	298.9
28650	298.97
28660	299.02
28670	299.05
28680	299.0
28690	299.06
28700	299.07
28710	299.13
28720	299.15
28730	299.17
28740	299.18
28750	299.18
28760	299.21
28770	299.26
28780	299.25
28790	299.29
28800	299.36
28810	299.36
28820	299.32
28830	299.36
28840	299.34
28850	299.38
28860	299.39
28870	299.44
28880	299.43
28890	299.49
28900	299.52
28910	299.56
28920	299.57
28930	299.58
28940	299.62
28950	299.66
28960	299.68
28970	299.7
28980	299.72
28990	299.75
29000	299.79
29010	299.83
29020	299.83
29030	299.84
29040	299.88
29050	299.89
29060	299.9
29070	299.93
29080	299.99
29090	299.97
29100	299.98
29110	299.99
29120	300.0
29130	299.99
29140	299.98
29150	300.05
29160	300.1
29170	300.09
29180	300.12
29190	300.16
29200	300.16
29210	300.16
29220	300.21
29230	300.29
29240	300.32
29250	300.4
29260	300.44
29270	300.44
29280	300.48
29290	300.49
29300	300.53
29310	300.56
29320	300.57
29330	300.58
29340	300.65
29350	300.7
29360	300.74
29370	300.79
29380	300.79
29390	300.83
29400	300.92
29410	300.93
29420	300.97
29430	301.02
29440	301.06
29450	301.07
29460	301.09
29470	301.12
29480	301.17
29490	301.17
29500	301.19
29510	301.25
29520	301.27
29530	301.27
29540	301.3
29550	301.35
29560	301.37
29570	301.38
29580	301.4
29590	301.39
29600	301.39
29610	301.41
29620	301.44
29630	301.46
29640	301.44
29650	301.47
29660	301.48
29670	301.49
29680	301.47
29690	301.52
29700	301.51
29710	301.57
29720	301.61
29730	301.65
29740	301.62
29750	301.64
29760	301.66
29770	301.63
29780	301.61
29790	301.65
29800	301.68
29810	301.7
29820	301.75
29830	301.75
29840	301.73
29850	301.76
29860	301.79
29870	301.82
29880	301.83
29890	301.87
29900	301.89
29910	301.93
29920	301.93
29930	301.95
29940	301.95
29950	301.94
29960	301.96
29970	301.96
29980	302.03
29990	302.02
30000	302.05
30010	302.13
30020	302.17
30030	302.18
30040	302.23
30050	302.22
30060	302.23
30070	302.25
30080	302.27
30090	302.29
30100	302.3
30110	302.37
30120	302.38
30130	302.44
30140	302.43
30150	302.51
30160	302.5
30170	302.54
30180	302.59
30190	302.63
30200	302.66
30210	302.68
30220	302.68
30230	302.69
30240	302.72
30250	302.73
30260	302.76
30270	302.8
30280	302.83
30290	302.88
30300	302.92
30310	302.96
30320	302.99
30330	303.05
30340	303.07
30350	303.09
30360	303.12
30370	303.12
30380	303.15
30390	303.18
30400	303.17
30410	303.22
30420	303.25
30430	303.28
30440	303.25
30450	303.25
30460	303.25
30470	303.28
30480	303.31
30490	303.39
30500	303.46
30510	303.49
30520	303.56
30530	303.6
30540	303.64
30550	303.67
30560	303.69
30570	303.71
30580	303.7
30590	303.76
30600	303.8
30610	303.82
30620	303.9
30630	303.92
30640	303.95
30650	303.95
30660	303.95
30670	304.0
30680	304.0
30690	304.04
30700	304.06
30710	304.1
30720	304.13
30730	304.14
30740	304.15
30750	304.21
30760	304.22
30770	304.25
30780	304.32
30790	304.37
30800	304.38
30810	304.42
30820	304.45
30830	304.46
30840	304.5
30850	304.52
30860	304.6
30870	304.68
30880	304.68
30890	304.73
30900	304.74
30910	304.75
30920	304.74
30930	304.8
30940	304.86
30950	304.91
30960	304.91
30970	304.94
30980	305.0
30990	305.0
31000	305.02
31010	305.04
31020	305.01
31030	304.99
31040	304.99
31050	304.99
31060	304.99
31070	305.06
31080	305.07
31090	305.13
31100	305.19
31110	305.19
31120	305.23
31130	305.23
31140	305.25
31150	305.25
31160	305.25
31170	305.31
31180	305.33
31190	305.36
31200	305.36
31210	305.38
31220	305.36
31230	305.34
31240	305.38
31250	305.44
31260	305.5
31270	305.52
31280	305.51
31290	305.54
31300	305.58
31310	305.64
31320	305.65
31330	305.66
31340	305.72
31350	305.73
31360	305.76
31370	305.78
31380	305.81
31390	305.86
31400	305.85
31410	305.88
31420	305.94
31430	305.93
31440	305.92
31450	305.91
31460	305.94
31470	305.94
31480	305.96
31490	305.98
31500	306.0
31510	306.04
31520	306.05
31530	306.04
31540	306.06
31550	306.06
31560	306.04
31570	306.07
31580	306.07
31590	306.08
31600	306.1
31610	306.08
31620	306.12
31630	306.09
31640	306.09
31650	306.09
31660	306.1
31670	306.2
31680	306.25
31690	306.23
31700	306.25
31710	306.27
31720	306.27
31730	306.27
31740	306.32
31750	306.33
31760	306.32
31770	306.39
31780	306.41
31790	306.41
31800	306.41
31810	306.44
31820	306.52
31830	306.52
31840	306.54
31850	306.56
31860	306.59
31870	306.58
31880	306.57
31890	306.58
31900	306.55
31910	306.61
31920	306.62
31930	306.65
31940	306.61
31950	306.61
31960	306.64
31970	306.64
31980	306.62
31990	306.65
32000	306.65
32010	306.65
32020	306.69
32030	306.66
32040	306.67
32050	306.67
32060	306.73
32070	306.77
32080	306.83
32090	306.83
32100	306.87
32110	306.88
32120	306.91
32130	306.92
32140	306.95
32150	306.97
32160	307.05
32170	307.07
32180	307.09
32190	307.1
32200	307.1
32210	307.15
32220	307.15
32230	307.21
32240	307.23
32250	307.24
32260	307.2
32270	307.28
32280	307.37
32290	307.39
32300	307.45
32310	307.47
32320	307.52
32330	307.6
32340	307.64
32350	307.64
32360	307.62
32370	307.69
32380	307.74
32390	307.79
32400	307.8
32410	307.82
32420	307.81
32430	307.83
32440	307.84
32450	307.87
32460	307.93
32470	307.98
32480	308.04
32490	308.03
32500	308.03
32510	308.0
32520	308.02
32530	308.03
32540	308.08
32550	308.09
32560	308.08
32570	308.09
32580	308.1
32590	308.13
32600	308.19
32610	308.19
32620	308.17
32630	308.15
32640	308.19
32650	308.2
32660	308.2
32670	308.22
32680	308.24
32690	308.25
32700	308.29
32710	308.31
32720	308.3
32730	308.33
32740	308.36
32750	308.39
32760	308.39
32770	308.48
32780	308.53
32790	308.5
32800	308.52
32810	308.5
32820	308.52
32830	308.49
32840	308.49
32850	308.54
32860	308.55
32870	308.57
32880	308.62
32890	308.61
32900	308.67
32910	308.75
32920	308.75
32930	308.82
32940	308.85
32950	308.87
32960	308.87
32970	308.89
32980	308.92
32990	308.97
33000	308.99
33010	308.98
33020	308.96
33030	309.02
33040	308.99
33050	308.99
33060	309.04
33070	309.08
33080	309.06
33090	309.09
33100	309.14
33110	309.18
33120	309.2
33130	309.2
33140	309.21
33150	309.26
33160	309.29
33170	309.27
33180	309.26
33190	309.3
33200	309.33
33210	309.39
33220	309.4
33230	309.37
33240	309.38
33250	309.33
33260	309.35
33270	309.43
33280	309.44
33290	309.42
33300	309.41
33310	309.44
33320	309.47
33330	309.52
33340	309.55
33350	309.53
33360	309.57
33370	309.61
33380	309.66
33390	309.64
33400	309.68
33410	309.65
33420	309.61
33430	309.63
33440	309.65
33450	309.68
33460	309.68
33470	309.74
33480	309.74
33490	309.77
33500	309.79
33510	309.83
33520	309.82
33530	309.81
33540	309.8
33550	309.77
33560	309.77
33570	309.76
33580	309.8
33590	309.85
33600	309.89
33610	309.92
33620	309.99
33630	310.02
33640	310.04
33650	310.07
33660	310.07
33670	310.09
33680	310.15
33690	310.19
33700	310.19
33710	310.21
33720	310.2
33730	310.2
33740	310.24
33750	310.3
33760	310.3
33770	310.33
33780	310.39
33790	310.4
33800	310.44
33810	310.47
33820	310.49
33830	310.51
33840	310.51
33850	310.51
33860	310.57
33870	310.62
33880	310.61
33890	310.66
33900	310.69
33910	310.75
33920	310.74
33930	310.78
33940	310.81
33950	310.82
33960	310.82
33970	310.88
33980	310.93
33990	310.97
34000	311.03
34010	311.08
34020	311.09
34030	311.14
34040	311.17
34050	311.16
34060	311.19
34070	311.21
34080	311.26
34090	311.31
34100	311.35
34110	311.37
34120	311.37
34130	311.35
34140	311.41
34150	311.42
34160	311.43
34170	311.49
34180	311.53
34190	311.59
34200	311.61
34210	311.63
34220	311.64
34230	311.72
34240	311.71
34250	311.79
34260	311.79
34270	311.87
34280	311.9
34290	311.97
34300	312.04
34310	312.06
34320	312.04
34330	312.05
34340	312.08
34350	312.07
34360	312.11
34370	312.11
34380	312.12
34390	312.15
34400	312.17
34410	312.14
34420	312.16
34430	312.19
34440	312.2
34450	312.21
34460	312.22
34470	312.21
34480	312.22
34490	312.21
34500	312.22
34510	312.27
34520	312.3
34530	312.3
34540	312.3
34550	312.3
34560	312.31
34570	312.34
34580	312.38
34590	312.42
34600	312.48
34610	312.52
34620	312.56
34630	312.61
34640	312.62
34650	312.66
34660	312.65
34670	312.71
34680	312.73
34690	312.77
34700	312.8
34710	312.83
34720	312.89
34730	312.91
34740	312.99
34750	313.0
34760	312.99
34770	313.03
34780	313.07
34790	313.1
34800	313.09
34810	313.11
34820	313.13
34830	313.14
34840	313.15
34850	313.18
34860	313.19
34870	313.21
34880	313.26
34890	313.31
34900	313.3
34910	313.32
34920	313.36
34930	313.33
34940	313.34
34950	313.36
34960	313.41
34970	313.43
34980	313.43
34990	313.44
35000	313.46
35010	313.5
35020	313.5
35030	313.5
35040	313.53
35050	313.55
35060	313.55
35070	313.55
35080	313.52
35090	313.55
35100	313.56
35110	313.55
35120	313.54
35130	313.57
35140	313.6
35150	313.59
35160	313.64
35170	313.67
35180	313.65
35190	313.69
35200	313.7
35210	313.72
35220	313.73
35230	313.76
35240	313.77
35250	313.79
35260	313.84
35270	313.86
35280	313.94
35290	313.95
35300	313.97
35310	313.99
35320	314.01
35330	314.01
35340	314.03
35350	314.11
35360	314.12
35370	314.15
35380	314.13
35390	314.18
35400	314.17
35410	314.17
35420	314.19
35430	314.18
35440	314.17
35450	314.18
35460	314.22
35470	314.23
35480	314.26
35490	314.27
35500	314.3
35510	314.29
35520	314.28
35530	314.28
35540	314.31
35550	314.3
35560	314.34
35570	314.35
35580	314.35
35590	314.35
35600	314.36
35610	314.42
35620	314.47
35630	314.5
35640	314.51
35650	314.55
35660	314.61
35670	314.63
35680	314.63
35690	314.65
35700	314.63
35710	314.65
35720	314.63
35730	314.67
35740	314.68
35750	314.68
35760	314.69
35770	314.76
35780	314.76
35790	314.77
35800	314.76
35810	314.79
35820	314.82
35830	314.8
35840	314.82
35850	314.85
35860	314.84
35870	314.85
35880	314.9
35890	314.89
35900	314.86
35910	314.89
35920	314.91
35930	314.95
35940	315.04
35950	315.07
35960	315.09
35970	315.14
35980	315.18
35990	315.2
36000	315.21
36010	315.19
36020	315.21
36030	315.24
36040	315.28
36050	315.3
36060	315.3
36070	315.33
36080	315.3
36090	315.29
36100	315.28
36110	315.26
36120	315.27
36130	315.28
36140	315.29
36150	315.28
36160	315.25
36170	315.28
36180	315.29
36190	315.28
36200	315.32
36210	315.36
36220	315.38
36230	315.4
36240	315.41
36250	315.44
36260	315.46
36270	315.45
36280	315.43
36290	315.44
36300	315.48
36310	315.52
36320	315.55
36330	315.48
36340	315.56
36350	315.62
36360	315.63
36370	315.65
36380	315.68
36390	315.74
36400	315.76
36410	315.77
36420	315.8
36430	315.8
36440	315.84
36450	315.83
36460	315.9
36470	315.92
36480	315.97
36490	315.99
36500	316.03
36510	316.05
36520	316.08
36530	316.1
36540	316.12
36550	316.1
36560	316.15
36570	316.18
36580	316.17
36590	316.2
36600	316.27
36610	316.32
36620	316.29
36630	316.31
36640	316.37
36650	316.4
36660	316.44
36670	316.47
36680	316.46
36690	316.48
36700	316.47
36710	316.51
36720	316.53
36730	316.56
36740	316.59
36750	316.66
36760	316.65
36770	316.66
36780	316.71
36790	316.7
36800	316.65
36810	316.64
36820	316.65
36830	316.68
36840	316.77
36850	316.85
36860	316.89
36870	316.94
36880	316.95
36890	316.9
36900	316.89
36910	316.94
36920	316.96
36930	316.96
36940	316.99
36950	317.0
36960	317.03
36970	317.11
36980	317.11
36990	317.13
37000	317.14
37010	317.18
37020	317.24
37030	317.24
37040	317.27
37050	317.28
37060	317.33
37070	317.34
37080	317.34
37090	317.35
37100	317.37
37110	317.39
37120	317.44
37130	317.47
37140	317.55
37150	317.57
37160	317.63
37170	317.6
37180	317.6
37190	317.61
37200	317.62
37210	317.59
37220	317.6
37230	317.66
37240	317.65
37250	317.65
37260	317.67
37270	317.69
37280	317.7
37290	317.75
37300	317.75
37310	317.8
37320	317.78
37330	317.8
37340	317.77
37350	317.8
37360	317.85
37370	317.84
37380	317.83
37390	317.85
37400	317.88
37410	317.9
37420	317.92
37430	317.99
37440	318.0
37450	318.01
37460	318.01
37470	317.99
37480	317.99
37490	318.01
37500	318.01
37510	318.02
37520	318.05
37530	318.11
37540	318.14
37550	318.16
37560	318.15
37570	318.18
37580	318.25
37590	318.27
37600	318.33
37610	318.31
37620	318.34
37630	318.47
37640	318.53
37650	318.59
37660	318.65
37670	318.61
37680	318.62
37690	318.64
37700	318.64
37710	318.64
37720	318.68
37730	318.74
37740	318.75
37750	318.77
37760	318.82
37770	318.79
37780	318.79
37790	318.81
37800	318.79
37810	318.85
37820	318.89
37830	318.89
37840	318.91
37850	318.94
37860	318.97
37870	319.0
37880	319.04
37890	319.07
37900	319.12
37910	319.09
37920	319.11
37930	319.12
37940	319.12
37950	319.14
37960	319.15
37970	319.16
37980	319.17
37990	319.19
38000	319.23
38010	319.23
38020	319.29
38030	319.29
38040	319.31
38050	319.33
38060	319.33
38070	319.34
38080	319.35
38090	319.41
38100	319.38
38110	319.37
38120	319.38
38130	319.4
38140	319.45
38150	319.47
38160	319.52
38170	319.47
38180	319.45
38190	319.45
38200	319.47
38210	319.53
38220	319.57
38230	319.57
38240	319.61
38250	319.63
38260	319.65
38270	319.68
38280	319.7
38290	319.75
38300	319.79
38310	319.82
38320	319.81
38330	319.82
38340	319.89
38350	319.87
38360	319.88
38370	319.91
38380	319.93
38390	319.97
38400	319.95
38410	319.96
38420	319.98
38430	320.04
38440	320.03
38450	320.08
38460	320.1
38470	320.12
38480	320.14
38490	320.15
38500	320.19
38510	320.18
38520	320.19
38530	320.18
38540	320.19
38550	320.2
38560	320.17
38570	320.21
38580	320.26
38590	320.28
38600	320.31
38610	320.32
38620	320.33
38630	320.34
38640	320.35
38650	320.36
38660	320.37
38670	320.4
38680	320.41
38690	320.43
38700	320.46
38710	320.48
38720	320.5
38730	320.53
38740	320.56
38750	320.56
38760	320.53
38770	320.54
38780	320.58
38790	320.59
38800	320.6
38810	320.59
38820	320.6
38830	320.63
38840	320.67
38850	320.68
38860	320.69
38870	320.75
38880	320.77
38890	320.82
38900	320.83
38910	320.87
38920	320.88
38930	320.89
38940	320.91
38950	320.96
38960	321.03
38970	321.04
38980	321.07
38990	321.12
39000	321.12
39010	321.15
39020	321.18
39030	321.17
39040	321.19
39050	321.22
39060	321.22
39070	321.24
39080	321.21
39090	321.23
39100	321.25
39110	321.28
39120	321.33
39130	321.38
39140	321.39
39150	321.42
39160	321.44
39170	321.43
39180	321.46
39190	321.47
39200	321.52
39210	321.53
39220	321.55
39230	321.57
39240	321.57
39250	321.57
39260	321.56
39270	321.54
39280	321.55
39290	321.55
39300	321.55
39310	321.58
39320	321.59
39330	321.66
39340	321.68
39350	321.72
39360	321.67
39370	321.71
39380	321.74
39390	321.76
39400	321.79
39410	321.82
39420	321.83
39430	321.82
39440	321.84
39450	321.86
39460	321.9
39470	321.91
39480	321.89
39490	321.93
39500	321.95
39510	322.01
39520	322.0
39530	322.02
39540	322.01
39550	322.02
39560	322.06
39570	322.09
39580	322.09
39590	322.14
39600	322.13
39610	322.14
39620	322.1
39630	322.1
39640	322.07
39650	322.05
39660	322.09
39670	322.09
39680	322.14
39690	322.16
39700	322.19
39710	322.22
39720	322.27
39730	322.38
39740	322.46
39750	322.52
39760	322.53
39770	322.55
39780	322.58
39790	322.6
39800	322.6
39810	322.62
39820	322.65
39830	322.71
39840	322.74
39850	322.71
39860	322.73
39870	322.74
39880	322.75
39890	322.74
39900	322.78
39910	322.84
39920	322.86
39930	322.89
39940	322.92
39950	322.92
39960	322.95
39970	323.0
39980	323.03
39990	323.02
40000	323.04
40010	323.06
40020	323.06
40030	323.1
40040	323.1
40050	323.13
40060	323.14
40070	323.15
40080	323.18
40090	323.14
40100	323.14
40110	323.13
40120	323.13
40130	323.19
40140	323.24
40150	323.25
40160	323.27
40170	323.24
40180	323.32
40190	323.35
40200	323.39
40210	323.42
40220	323.4
40230	323.42
40240	323.42
40250	323.42
40260	323.44
40270	323.45
40280	323.49
40290	323.45
40300	323.49
40310	323.51
40320	323.49
40330	323.48
40340	323.5
40350	323.54
40360	323.57
40370	323.57
40380	323.57
40390	323.56
40400	323.59
40410	323.61
40420	323.64
40430	323.66
40440	323.64
40450	323.66
40460	323.69
40470	323.68
40480	323.71
40490	323.7
40500	323.69
40510	323.69
40520	323.71
40530	323.7
40540	323.73
40550	323.74
40560	323.77
40570	323.81
40580	323.84
40590	323.84
40600	323.85
40610	323.82
40620	323.86
40630	323.88
40640	323.93
40650	323.94
40660	323.95
40670	323.96
40680	323.95
40690	323.96
40700	323.95
40710	323.95
40720	323.99
40730	323.99
40740	324.03
40750	324.04
40760	324.09
40770	324.07
40780	324.12
40790	324.09
40800	324.12
40810	324.18
40820	324.16
40830	324.2
40840	324.21
40850	324.28
40860	324.31
40870	324.31
40880	324.33
40890	324.31
40900	324.34
40910	324.36
40920	324.32
40930	324.36
40940	324.37
40950	324.42
40960	324.46
40970	324.48
40980	324.48
40990	324.48
41000	324.49
41010	324.52
41020	324.53
41030	324.58
41040	324.56
41050	324.6
41060	324.6
41070	324.61
41080	324.63
41090	324.64
41100	324.66
41110	324.66
41120	324.68
41130	324.7
41140	324.74
41150	324.71
41160	324.76
41170	324.75
41180	324.77
41190	324.81
41200	324.8
41210	324.79
41220	324.83
41230	324.8
41240	324.84
41250	324.85
41260	324.89
41270	324.92
41280	324.93
41290	324.92
41300	324.95
41310	324.95
41320	325.0
41330	325.0
41340	325.0
41350	325.01
41360	325.01
41370	325.02
41380	325.06
41390	325.07
41400	325.07
41410	325.08
41420	325.13
41430	325.12
41440	325.12
41450	325.14
41460	325.11
41470	325.15
41480	325.19
41490	325.17
41500	325.18
41510	325.19
41520	325.21
41530	325.25
41540	325.25
41550	325.21
41560	325.23
41570	325.26
41580	325.27
41590	325.28
41600	325.28
41610	325.31
41620	325.33
41630	325.35
41640	325.38
41650	325.44
41660	325.46
41670	325.49
41680	325.48
41690	325.51
41700	325.53
41710	325.53
41720	325.58
41730	325.6
41740	325.62
41750	325.67
41760	325.68
41770	325.73
41780	325.8
41790	325.79
41800	325.79
41810	325.82
41820	325.85
41830	325.83
41840	325.84
41850	325.82
41860	325.88
41870	325.89
41880	325.9
41890	325.89
41900	325.94
41910	325.94
41920	325.96
41930	325.98
41940	325.97
41950	325.98
41960	325.99
41970	325.97
41980	325.98
41990	326.0
42000	326.05
42010	326.08
42020	326.11
42030	326.15
42040	326.15
42050	326.15
42060	326.15
42070	326.16
42080	326.22
42090	326.22
42100	326.24
42110	326.29
42120	326.31
42130	326.32
42140	326.31
42150	326.3
42160	326.33
42170	326.36
42180	326.37
42190	326.41
42200	326.42
42210	326.42
42220	326.44
42230	326.45
42240	326.49
42250	326.53
42260	326.53
42270	326.58
42280	326.62
42290	326.62
42300	326.64
42310	326.65
42320	326.62
42330	326.62
42340	326.66
42350	326.7
42360	326.73
42370	326.73
42380	326.72
42390	326.71
42400	326.72
42410	326.79
42420	326.76
42430	326.81
42440	326.83
42450	326.84
42460	326.86
42470	326.88
42480	326.92
42490	326.97
42500	326.99
42510	327.0
42520	327.04
42530	327.05
42540	327.1
42550	327.11
42560	327.13
42570	327.13
42580	327.17
42590	327.19
42600	327.22
42610	327.25
42620	327.27
42630	327.28
42640	327.28
42650	327.33
42660	327.33
42670	327.37
42680	327.41
42690	327.44
42700	327.41
42710	327.43
42720	327.44
42730	327.46
42740	327.52
42750	327.56
42760	327.56
42770	327.6
42780	327.64
42790	327.59
42800	327.6
42810	327.6
42820	327.6
42830	327.6
42840	327.62
42850	327.65
42860	327.64
42870	327.62
42880	327.65
42890	327.65
42900	327.69
42910	327.7
42920	327.71
42930	327.73
42940	327.76
42950	327.73
42960	327.73
42970	327.75
42980	327.75
42990	327.77
43000	327.79
43010	327.81
43020	327.84
43030	327.85
43040	327.84
43050	327.87
43060	327.86
43070	327.85
43080	327.87
43090	327.9
43100	327.87
43110	327.89
43120	327.89
43130	327.93
43140	327.96
43150	327.96
43160	327.95
43170	328.01
43180	328.07
43190	328.08
43200	328.08
43210	328.12
43220	328.07
43230	328.06
43240	328.09
43250	328.1
43260	328.07
43270	328.09
43280	328.12
43290	328.15
43300	328.18
43310	328.23
43320	328.26
43330	328.29
43340	328.27
43350	328.28
43360	328.29
43370	328.32
43380	328.33
43390	328.35
43400	328.37
43410	328.34
43420	328.35
43430	328.41
43440	328.4
43450	328.44
43460	328.45
43470	328.46
43480	328.49
43490	328.49
43500	328.5
43510	328.53
43520	328.54
43530	328.59
43540	328.65
43550	328.66
43560	328.68
43570	328.7
43580	328.75
43590	328.77
43600	328.8
43610	328.79
43620	328.79
43630	328.79
43640	328.78
43650	328.82
43660	328.83
43670	328.85
43680	328.88
43690	328.92
43700	328.96
43710	329.01
43720	329.04
43730	329.11
43740	329.13
43750	329.16
43760	329.14
43770	329.14
43780	329.14
43790	329.16
43800	329.16
43810	329.16
43820	329.16
43830	329.17
43840	329.22
43850	329.22
43860	329.24
43870	329.24
43880	329.26
43890	329.3
43900	329.34
43910	329.36
43920	329.4
43930	329.44
43940	329.43
43950	329.46
43960	329.46
43970	329.47
43980	329.52
43990	329.51
44000	329.5
44010	329.54
44020	329.55
44030	329.55
44040	329.58
44050	329.59
44060	329.62
44070	329.59
44080	329.63
44090	329.64
44100	329.69
44110	329.72
44120	329.75
44130	329.75
44140	329.78
44150	329.76
44160	329.76
44170	329.77
44180	329.77
44190	329.78
44200	329.81
44210	329.82
44220	329.86
44230	329.86
44240	329.85
44250	329.88
44260	329.91
44270	329.92
44280	329.95
44290	329.98
44300	329.96
44310	330.0
44320	330.01
44330	330.04
44340	330.09
44350	330.1
44360	330.12
44370	330.16
44380	330.18
44390	330.26
44400	330.26
44410	330.32
44420	330.32
44430	330.33
44440	330.35
44450	330.35
44460	330.36
44470	330.37
44480	330.35
44490	330.36
44500	330.36
44510	330.37
44520	330.43
44530	330.42
44540	330.41
44550	330.38
44560	330.41
44570	330.4
44580	330.38
44590	330.42
44600	330.47
44610	330.53
44620	330.54
44630	330.55
44640	330.56
44650	330.56
44660	330.56
44670	330.63
44680	330.67
44690	330.71
44700	330.74
44710	330.73
44720	330.74
44730	330.79
44740	330.77
44750	330.78
44760	330.8
44770	330.79
44780	330.78
44790	330.8
44800	330.82
44810	330.8
44820	330.82
44830	330.83
44840	330.83
44850	330.83
44860	330.85
44870	330.86
44880	330.88
44890	330.9
44900	330.9
44910	330.89
44920	330.91
44930	330.88
44940	330.92
44950	330.94
44960	330.93
44970	330.95
44980	330.99
44990	331.01
45000	331.05
45010	331.05
45020	331.05
45030	331.07
45040	331.08
45050	331.07
45060	331.11
45070	331.12
45080	331.12
45090	331.13
45100	331.15
45110	331.14
45120	331.2
45130	331.24
45140	331.22
45150	331.23
45160	331.27
45170	331.3
45180	331.29
45190	331.26
45200	331.26
45210	331.25
45220	331.25
45230	331.26
45240	331.28
45250	331.28
45260	331.29
45270	331.3
45280	331.33
45290	331.33
45300	331.33
45310	331.33
45320	331.34
45330	331.32
45340	331.33
45350	331.33
45360	331.34
45370	331.35
45380	331.32
45390	331.34
45400	331.36
45410	331.33
45420	331.35
45430	331.36
45440	331.36
45450	331.36
45460	331.35
45470	331.38
45480	331.37
45490	331.37
45500	331.37
45510	331.36
45520	331.36
45530	331.38
45540	331.41
45550	331.41
45560	331.45
45570	331.44
45580	331.47
45590	331.47
45600	331.53
45610	331.56
45620	331.59
45630	331.64
45640	331.66
45650	331.65
45660	331.65
45670	331.69
45680	331.69
45690	331.69
45700	331.69
45710	331.68
45720	331.71
45730	331.73
45740	331.68
45750	331.69
45760	331.72
45770	331.74
45780	331.75
45790	331.78
45800	331.8
45810	331.81
45820	331.81
45830	331.83
45840	331.85
45850	331.9
45860	331.92
45870	331.93
45880	331.95
45890	331.98
45900	331.98
45910	331.99
45920	331.98
45930	331.99
45940	331.99
45950	332.02
45960	332.02
45970	332.03
45980	332.05
45990	332.04
46000	332.01
46010	332.07
46020	332.11
46030	332.12
46040	332.13
46050	332.12
46060	332.12
46070	332.14
46080	332.14
46090	332.17
46100	332.21
46110	332.24
46120	332.23
46130	332.25
46140	332.27
46150	332.29
46160	332.28
46170	332.28
46180	332.32
46190	332.32
46200	332.35
46210	332.35
46220	332.38
46230	332.38
46240	332.43
46250	332.42
46260	332.44
46270	332.44
46280	332.45
46290	332.45
46300	332.47
46310	332.51
46320	332.48
46330	332.48
46340	332.49
46350	332.5
46360	332.5
46370	332.5
46380	332.53
46390	332.57
46400	332.57
46410	332.58
46420	332.63
46430	332.66
46440	332.67
46450	332.71
46460	332.7
46470	332.72
46480	332.73
46490	332.74
46500	332.75
46510	332.75
46520	332.74
46530	332.78
46540	332.78
46550	332.78
46560	332.76
46570	332.75
46580	332.7
46590	332.72
46600	332.72
46610	332.72
46620	332.74
46630	332.75
46640	332.76
46650	332.79
46660	332.83
46670	332.82
46680	332.83
46690	332.84
46700	332.87
46710	332.93
46720	332.97
46730	333.01
46740	333.03
46750	333.03
46760	333.01
46770	333.01
46780	333.04
46790	333.06
46800	333.09
46810	333.09
46820	333.11
46830	333.12
46840	333.11
46850	333.12
46860	333.12
46870	333.12
46880	333.14
46890	333.2
46900	333.24
46910	333.2
46920	333.24
46930	333.25
46940	333.22
46950	333.28
46960	333.34
46970	333.38
46980	333.38
46990	333.39
47000	333.38
47010	333.37
47020	333.42
47030	333.44
47040	333.42
47050	333.41
47060	333.42
47070	333.5
47080	333.54
47090	333.56
47100	333.56
47110	333.55
47120	333.54
47130	333.56
47140	333.54
47150	333.57
47160	333.58
47170	333.6
47180	333.6
47190	333.65
47200	333.69
47210	333.67
47220	333.67
47230	333.67
47240	333.66
47250	333.67
47260	333.7
47270	333.69
47280	333.68
47290	333.7
47300	333.75
47310	333.77
47320	333.76
47330	333.79
47340	333.8
47350	333.79
47360	333.76
47370	333.79
47380	333.79
47390	333.81
47400	333.82
47410	333.83
47420	333.86
47430	333.91
47440	333.94
47450	333.93
47460	333.94
47470	333.95
47480	333.96
47490	334.0
47500	334.06
47510	334.07
47520	334.1
47530	334.13
47540	334.16
47550	334.22
47560	334.25
47570	334.29
47580	334.32
47590	334.34
47600	334.43
47610	334.47
47620	334.46
47630	334.48
47640	334.51
47650	334.52
47660	334.52
47670	334.55
47680	334.56
47690	334.61
47700	334.59
47710	334.58
47720	334.58
47730	334.6
47740	334.58
47750	334.54
47760	334.57
47770	334.57
47780	334.59
47790	334.58
47800	334.64
47810	334.66
47820	334.68
47830	334.73
47840	334.76
47850	334.76
47860	334.75
47870	334.75
47880	334.76
47890	334.76
47900	334.75
47910	334.73
47920	334.72
47930	334.72
47940	334.77
47950	334.82
47960	334.82
47970	334.81
47980	334.83
47990	334.84
48000	334.85
48010	334.84
48020	334.88
48030	334.89
48040	334.93
48050	334.94
48060	334.94
48070	334.98
48080	334.97
48090	335.0
48100	335.01
48110	335.01
48120	335.02
48130	335.04
48140	335.05
48150	335.07
48160	335.11
48170	335.1
48180	335.13
48190	335.15
48200	335.18
48210	335.18
48220	335.2
48230	335.22
48240	335.23
48250	335.2
48260	335.23
48270	335.24
48280	335.25
48290	335.26
48300	335.24
48310	335.28
48320	335.29
48330	335.31
48340	335.32
48350	335.36
48360	335.33
48370	335.33
48380	335.36
48390	335.36
48400	335.36
48410	335.37
48420	335.37
48430	335.38
48440	335.38
48450	335.38
48460	335.43
48470	335.41
48480	335.41
48490	335.42
48500	335.44
48510	335.49
48520	335.51
48530	335.5
48540	335.53
48550	335.52
48560	335.52
48570	335.54
48580	335.54
48590	335.52
48600	335.53
48610	335.54
48620	335.57
48630	335.59
48640	335.59
48650	335.61
48660	335.62
48670	335.64
48680	335.69
48690	335.72
48700	335.71
48710	335.74
48720	335.73
48730	335.72
48740	335.74
48750	335.78
48760	335.82
48770	335.84
48780	335.88
48790	335.97
48800	336.0
48810	336.0
48820	336.03
48830	336.05
48840	336.05
48850	336.04
48860	336.04
48870	336.08
48880	336.12
48890	336.12
48900	336.16
48910	336.21
48920	336.23
48930	336.25
48940	336.28
48950	336.32
48960	336.37
48970	336.43
48980	336.46
48990	336.46
49000	336.51
49010	336.49
49020	336.5
49030	336.53
49040	336.54
49050	336.55
49060	336.56
49070	336.54
49080	336.56
49090	336.52
49100	336.52
49110	336.51
49120	336.49
49130	336.51
49140	336.53
49150	336.52
49160	336.54
49170	336.56
49180	336.57
49190	336.61
49200	336.65
49210	336.65
49220	336.65
49230	336.65
49240	336.64
49250	336.64
49260	336.67
49270	336.68
49280	336.7
49290	336.7
49300	336.65
49310	336.66
49320	336.66
49330	336.64
49340	336.7
49350	336.75
49360	336.74
49370	336.79
49380	336.85
49390	336.89
49400	336.94
49410	336.94
49420	336.95
49430	336.98
49440	336.98
49450	336.96
49460	337.0
49470	337.03
49480	337.02
49490	337.03
49500	337.03
49510	337.01
49520	336.98
49530	337.0
49540	337.05
49550	337.02
49560	337.01
49570	337.03
49580	337.07
49590	337.09
49600	337.07
49610	337.05
49620	337.05
49630	337.03
49640	337.07
49650	337.09
49660	337.12
49670	337.1
49680	337.1
49690	337.1
49700	337.12
49710	337.12
49720	337.11
49730	337.14
49740	337.17
49750	337.18
49760	337.16
49770	337.17
49780	337.18
49790	337.16
49800	337.19
49810	337.21
49820	337.23
49830	337.25
49840	337.29
49850	337.29
49860	337.3
49870	337.33
49880	337.33
49890	337.38
49900	337.42
49910	337.47
49920	337.49
49930	337.52
49940	337.51
49950	337.53
49960	337.61
49970	337.6
49980	337.62
49990	337.62
50000	337.66
50010	337.68
50020	337.7
50030	337.69
50040	337.73
50050	337.73
50060	337.73
50070	337.74
50080	337.75
50090	337.77
50100	337.81
50110	337.82
50120	337.82
50130	337.79
50140	337.79
50150	337.82
50160	337.81
50170	337.79
50180	337.78
50190	337.83
50200	337.85
50210	337.84
50220	337.88
50230	337.89
50240	337.93
50250	337.95
50260	337.98
50270	337.99
50280	338.02
50290	338.04
50300	338.05
50310	338.06
50320	338.04
50330	338.07
50340	338.11
50350	338.16
50360	338.19
50370	338.2
50380	338.21
50390	338.24
50400	338.24
50410	338.21
50420	338.21
50430	338.18
50440	338.2
50450	338.23
50460	338.25
50470	338.27
50480	338.26
50490	338.29
50500	338.3
50510	338.3
50520	338.32
50530	338.31
50540	338.29
50550	338.28
50560	338.29
50570	338.31
50580	338.34
50590	338.36
50600	338.35
50610	338.34
50620	338.39
50630	338.35
50640	338.41
50650	338.46
50660	338.5
50670	338.53
50680	338.51
50690	338.51
50700	338.53
50710	338.52
50720	338.51
50730	338.53
50740	338.53
50750	338.59
50760	338.63
50770	338.67
50780	338.66
50790	338.66
50800	338.65
50810	338.6
50820	338.58
50830	338.55
50840	338.54
50850	338.55
50860	338.6
50870	338.65
50880	338.68
50890	338.69
50900	338.68
50910	338.71
50920	338.73
50930	338.73
50940	338.75
50950	338.75
50960	338.79
50970	338.81
50980	338.85
50990	338.85
51000	338.89
51010	338.88
51020	338.91
51030	338.91
51040	338.9
51050	338.91
51060	338.92
51070	338.94
51080	339.0
51090	339.02
51100	339.05
51110	339.02
51120	339.05
51130	339.08
51140	339.09
51150	339.11
51160	339.12
51170	339.15
51180	339.17
51190	339.18
51200	339.19
51210	339.18
51220	339.22
51230	339.23
51240	339.23
51250	339.23
51260	339.24
51270	339.23
51280	339.25
51290	339.26
51300	339.27
51310	339.25
51320	339.27
51330	339.29
51340	339.3
51350	339.28
51360	339.29
51370	339.3
51380	339.28
51390	339.3
51400	339.32
51410	339.35
51420	339.35
51430	339.36
51440	339.32
51450	339.35
51460	339.36
51470	339.4
51480	339.42
51490	339.39
51500	339.4
51510	339.42
51520	339.42
51530	339.42
51540	339.43
51550	339.42
51560	339.42
51570	339.41
51580	339.43
51590	339.41
51600	339.41
51610	339.39
51620	339.43
51630	339.44
51640	339.47
51650	339.5
51660	339.52
51670	339.56
51680	339.58
51690	339.62
51700	339.66
51710	339.67
51720	339.68
51730	339.69
51740	339.68
51750	339.69
51760	339.67
51770	339.67
51780	339.69
51790	339.7
51800	339.68
51810	339.69
51820	339.71
51830	339.7
51840	339.71
51850	339.74
51860	339.74
51870	339.76
51880	339.75
51890	339.76
51900	339.77
51910	339.81
51920	339.81
51930	339.8
51940	339.82
51950	339.83
51960	339.83
51970	339.86
51980	339.85
51990	339.83
52000	339.87
52010	339.9
52020	339.93
52030	339.97
52040	340.0
52050	340.03
52060	340.05
52070	340.06
52080	340.06
52090	340.06
52100	340.05
52110	340.04
52120	340.04
52130	340.12
52140	340.18
52150	340.2
52160	340.22
52170	340.22
52180	340.22
52190	340.24
52200	340.22
52210	340.2
52220	340.2
52230	340.22
52240	340.25
52250	340.22
52260	340.25
52270	340.24
52280	340.26
52290	340.29
52300	340.32
52310	340.3
52320	340.31
52330	340.33
52340	340.36
52350	340.41
52360	340.42
52370	340.41
52380	340.42
52390	340.44
52400	340.43
52410	340.47
52420	340.47
52430	340.52
52440	340.52
52450	340.55
52460	340.55
52470	340.57
52480	340.58
52490	340.62
52500	340.62
52510	340.64
52520	340.63
52530	340.65
52540	340.66
52550	340.69
52560	340.68
52570	340.71
52580	340.75
52590	340.78
52600	340.84
52610	340.86
52620	340.87
52630	340.88
52640	340.91
52650	340.93
52660	340.93
52670	340.92
52680	340.93
52690	340.95
52700	340.96
52710	340.97
52720	341.0
52730	340.97
52740	340.93
52750	340.96
52760	340.98
52770	341.01
52780	341.03
52790	341.08
52800	341.13
52810	341.17
52820	341.21
52830	341.22
52840	341.23
52850	341.24
52860	341.21
52870	341.26
52880	341.27
52890	341.26
52900	341.27
52910	341.31
52920	341.32
52930	341.3
52940	341.33
52950	341.36
52960	341.36
52970	341.41
52980	341.43
52990	341.48
53000	341.44
53010	341.46
53020	341.49
53030	341.54
53040	341.53
53050	341.52
53060	341.51
53070	341.53
53080	341.56
53090	341.57
53100	341.59
53110	341.63
53120	341.65
53130	341.67
53140	341.69
53150	341.69
53160	341.7
53170	341.71
53180	341.7
53190	341.71
53200	341.67
53210	341.66
53220	341.69
53230	341.72
53240	341.74
53250	341.75
53260	341.76
53270	341.77
53280	341.76
53290	341.77
53300	341.81
53310	341.82
53320	341.81
53330	341.8
53340	341.83
53350	341.8
53360	341.8
53370	341.82
53380	341.8
53390	341.82
53400	341.84
53410	341.82
53420	341.83
53430	341.78
53440	341.8
53450	341.85
53460	341.86
53470	341.9
53480	341.9
53490	341.91
53500	341.89
53510	341.9
53520	341.89
53530	341.87
53540	341.88
53550	341.93
53560	341.93
53570	341.98
53580	341.98
53590	341.99
53600	342.02
53610	342.03
53620	342.06
53630	342.06
53640	342.07
53650	342.06
53660	342.1
53670	342.14
53680	342.15
53690	342.14
53700	342.18
53710	342.2
53720	342.19
53730	342.21
53740	342.22
53750	342.22
53760	342.23
53770	342.22
53780	342.22
53790	342.23
53800	342.21
53810	342.23
53820	342.23
53830	342.22
53840	342.2
53850	342.23
53860	342.26
53870	342.24
53880	342.25
53890	342.29
53900	342.31
53910	342.3
53920	342.31
53930	342.31
53940	342.29
53950	342.3
53960	342.31
53970	342.33
53980	342.3
53990	342.32
54000	342.36
54010	342.39
54020	342.38
54030	342.38
54040	342.38
54050	342.4
54060	342.43
54070	342.42
54080	342.44
54090	342.44
54100	342.46
54110	342.49
54120	342.5
54130	342.53
54140	342.55
54150	342.56
54160	342.55
54170	342.58
54180	342.59
54190	342.58
54200	342.58
54210	342.57
54220	342.59
54230	342.61
54240	342.65
54250	342.67
54260	342.66
54270	342.63
54280	342.65
54290	342.71
54300	342.72
54310	342.75
54320	342.74
54330	342.73
54340	342.75
54350	342.75
54360	342.76
54370	342.83
54380	342.84
54390	342.85
54400	342.89
54410	342.88
54420	342.86
54430	342.86
54440	342.89
54450	342.9
54460	342.93
54470	342.93
54480	342.96
54490	343.01
54500	343.04
54510	343.06
54520	343.09
54530	343.08
54540	343.07
54550	343.03
54560	343.04
54570	343.03
54580	343.06
54590	343.07
54600	343.09
54610	343.09
54620	343.1
54630	343.09
54640	343.11
54650	343.13
54660	343.14
54670	343.16
54680	343.2
54690	343.17
54700	343.2
54710	343.23
54720	343.25
54730	343.29
54740	343.3
54750	343.28
54760	343.33
54770	343.36
54780	343.35
54790	343.35
54800	343.39
54810	343.42
54820	343.44
54830	343.41
54840	343.45
54850	343.45
54860	343.44
54870	343.43
54880	343.44
54890	343.45
54900	343.46
54910	343.49
54920	343.46
54930	343.48
54940	343.48
54950	343.47
54960	343.5
54970	343.49
54980	343.5
54990	343.48
55000	343.47
55010	343.47
55020	343.49
55030	343.48
55040	343.46
55050	343.46
55060	343.47
55070	343.47
55080	343.46
55090	343.48
55100	343.52
55110	343.53
55120	343.56
55130	343.57
55140	343.55
55150	343.51
55160	343.53
55170	343.5
55180	343.48
55190	343.53
55200	343.53
55210	343.53
55220	343.57
55230	343.59
55240	343.59
55250	343.61
55260	343.63
55270	343.64
55280	343.66
55290	343.68
55300	343.65
55310	343.68
55320	343.7
55330	343.69
55340	343.73
55350	343.75
55360	343.77
55370	343.76
55380	343.78
55390	343.81
55400	343.79
55410	343.83
55420	343.88
55430	343.88
55440	343.91
55450	343.98
55460	343.98
55470	343.99
55480	343.99
55490	344.0
55500	344.01
55510	344.01
55520	344.09
55530	344.1
55540	344.15
55550	344.13
55560	344.13
55570	344.14
55580	344.14
55590	344.18
55600	344.22
55610	344.21
55620	344.2
55630	344.2
55640	344.23
55650	344.22
55660	344.26
55670	344.28
55680	344.28
55690	344.31
55700	344.33
55710	344.36
55720	344.37
55730	344.4
55740	344.45
55750	344.44
55760	344.46
55770	344.48
55780	344.5
55790	344.54
55800	344.58
55810	344.58
55820	344.57
55830	344.59
55840	344.55
55850	344.56
55860	344.55
55870	344.59
55880	344.58
55890	344.61
55900	344.67
55910	344.72
55920	344.7
55930	344.71
55940	344.76
55950	344.79
55960	344.8
55970	344.82
55980	344.82
55990	344.85
56000	344.85
56010	344.86
56020	344.88
56030	344.86
56040	344.92
56050	344.94
56060	344.98
56070	345.0
56080	344.99
56090	345.02
56100	345.02
56110	345.06
56120	345.09
56130	345.12
56140	345.14
56150	345.1
56160	345.12
56170	345.15
56180	345.15
56190	345.14
56200	345.12
56210	345.16
56220	345.17
56230	345.18
56240	345.19
56250	345.18
56260	345.16
56270	345.2
56280	345.21
56290	345.23
56300	345.25
56310	345.28
56320	345.31
56330	345.32
56340	345.37
56350	345.4
56360	345.44
56370	345.47
56380	345.51
56390	345.55
56400	345.56
56410	345.56
56420	345.58
56430	345.6
56440	345.59
56450	345.61
56460	345.63
56470	345.64
56480	345.66
56490	345.67
56500	345.67
56510	345.68
56520	345.7
56530	345.72
56540	345.73
56550	345.72
56560	345.72
56570	345.75
56580	345.77
56590	345.79
56600	345.8
56610	345.77
56620	345.78
56630	345.78
56640	345.8
56650	345.82
56660	345.86
56670	345.9
56680	345.86
56690	345.89
56700	345.86
56710	345.88
56720	345.88
56730	345.89
56740	345.89
56750	345.91
56760	345.94
56770	345.99
56780	345.99
56790	346.02
56800	346.03
56810	346.02
56820	346.07
56830	346.12
56840	346.13
56850	346.15
56860	346.18
56870	346.2
56880	346.19
56890	346.2
56900	346.22
56910	346.21
56920	346.24
56930	346.27
56940	346.27
56950	346.27
56960	346.28
56970	346.29
56980	346.35
56990	346.34
57000	346.35
57010	346.38
57020	346.4
57030	346.41
57040	346.42
57050	346.44
57060	346.46
57070	346.47
57080	346.5
57090	346.5
57100	346.5
57110	346.5
57120	346.5
57130	346.52
57140	346.56
57150	346.58
57160	346.61
57170	346.63
57180	346.62
57190	346.64
57200	346.62
57210	346.63
57220	346.65
57230	346.66
57240	346.66
57250	346.66
57260	346.64
57270	346.66
57280	346.73
57290	346.72
57300	346.77
57310	346.79
57320	346.79
57330	346.81
57340	346.82
57350	346.84
57360	346.84
57370	346.82
57380	346.86
57390	346.91
57400	346.92
57410	346.93
57420	346.94
57430	346.94
57440	346.96
57450	346.99
57460	347.01
57470	347.01
57480	347.03
57490	347.0
57500	347.05
57510	347.03
57520	347.03
57530	347.05
57540	347.09
57550	347.08
57560	347.06
57570	347.07
57580	347.08
57590	347.11
57600	347.14
57610	347.15
57620	347.14
57630	347.19
57640	347.27
57650	347.25
57660	347.24
57670	347.22
57680	347.24
57690	347.26
57700	347.28
57710	347.27
57720	347.3
57730	347.31
57740	347.3
57750	347.31
57760	347.34
57770	347.36
57780	347.41
57790	347.43
57800	347.41
57810	347.42
57820	347.42
57830	347.4
57840	347.41
57850	347.4
57860	347.41
57870	347.44
57880	347.44
57890	347.42
57900	347.43
57910	347.45
57920	347.48
57930	347.44
57940	347.47
57950	347.49
57960	347.49
57970	347.52
57980	347.55
57990	347.54
58000	347.54
58010	347.6
58020	347.6
58030	347.61
58040	347.65
58050	347.63
58060	347.61
58070	347.66
58080	347.67
58090	347.71
58100	347.73
58110	347.75
58120	347.74
58130	347.77
58140	347.76
58150	347.75
58160	347.8
58170	347.78
58180	347.87
58190	347.91
58200	347.91
58210	347.97
58220	347.99
58230	348.0
58240	348.01
58250	348.04
58260	348.03
58270	348.04
58280	348.04
58290	348.06
58300	348.11
58310	348.13
58320	348.12
58330	348.13
58340	348.16
58350	348.2
58360	348.19
58370	348.18
58380	348.19
58390	348.21
58400	348.24
58410	348.21
58420	348.2
58430	348.23
58440	348.25
58450	348.26
58460	348.28
58470	348.3
58480	348.35
58490	348.38
58500	348.39
58510	348.41
58520	348.45
58530	348.46
58540	348.48
58550	348.47
58560	348.5
58570	348.5
58580	348.51
58590	348.52
58600	348.55
58610	348.56
58620	348.56
58630	348.56
58640	348.58
58650	348.6
58660	348.61
58670	348.61
58680	348.62
58690	348.62
58700	348.63
58710	348.65
58720	348.69
58730	348.68
58740	348.7
58750	348.75
58760	348.74
58770	348.75
58780	348.76
58790	348.78
58800	348.77
58810	348.81
58820	348.85
58830	348.85
58840	348.84
58850	348.88
58860	348.87
58870	348.89
58880	348.91
58890	348.92
58900	348.96
58910	348.98
58920	348.96
58930	348.97
58940	348.97
58950	348.96
58960	348.97
58970	349.0
58980	349.03
58990	349.06
59000	349.08
59010	349.09
59020	349.1
59030	349.1
59040	349.11
59050	349.15
59060	349.15
59070	349.17
59080	349.19
59090	349.21
59100	349.19
59110	349.19
59120	349.17
59130	349.16
59140	349.16
59150	349.16
59160	349.15
59170	349.17
59180	349.16
59190	349.17
59200	349.23
59210	349.2
59220	349.17
59230	349.18
59240	349.17
59250	349.19
59260	349.21
59270	349.27
59280	349.25
59290	349.27
59300	349.31
59310	349.35
59320	349.38
59330	349.39
59340	349.39
59350	349.41
59360	349.43
59370	349.45
59380	349.5
59390	349.53
59400	349.53
59410	349.59
59420	349.59
59430	349.58
59440	349.6
59450	349.64
59460	349.67
59470	349.69
59480	349.68
59490	349.65
59500	349.65
59510	349.69
59520	349.73
59530	349.73
59540	349.74
59550	349.77
59560	349.79
59570	349.82
59580	349.85
59590	349.85
59600	349.87
59610	349.84
59620	349.86
59630	349.88
59640	349.9
59650	349.94
59660	349.95
59670	349.96
59680	349.98
59690	349.98
59700	350.0
59710	349.98
59720	349.99
59730	350.03
59740	350.02
59750	350.02
59760	350.04
59770	350.04
59780	350.04
59790	350.01
59800	350.02
59810	350.04
59820	350.06
59830	350.07
59840	350.07
59850	350.1
59860	350.09
59870	350.08
59880	350.11
59890	350.09
59900	350.09
59910	350.07
59920	350.09
59930	350.16
59940	350.14
59950	350.14
59960	350.16
59970	350.19
59980	350.2
59990	350.21
60000	350.24
