1000	111.312825347
2000	153.554284054
3000	197.238000749
4000	280.829807176
5000	368.745143504
6000	415.871618529
7000	456.226713832
8000	496.446617984
9000	535.788051424
10000	600.609160382
11000	690.482958131
12000	779.781688923
13000	871.242298627
14000	922.922695946
15000	960.896552329
16000	1001.17318639
17000	1041.83145235
18000	1078.7390483
19000	1121.88267714
20000	1159.73839197
21000	1201.79586096
22000	1277.80377185
23000	1346.34781902
24000	1400.75157233
25000	1445.13375997
26000	1484.44414385
27000	1524.3331557
28000	1566.09701475
29000	1608.01752506
30000	1647.55501027
31000	1686.8587505
32000	1727.3844512
33000	1763.88525011
34000	1798.74399556
35000	1831.47349656
36000	1857.68422682
37000	1877.52472061
38000	1896.01150756
39000	1909.78211195
40000	1922.15229111
41000	1933.77135696
42000	1943.00815768
43000	1949.56216057
44000	1957.06674828
45000	1962.64508496
46000	1968.79382462
47000	1974.87900093
48000	1981.95127625
49000	1988.05385103
50000	1994.23012303
51000	1999.68697379
52000	2005.21189965
53000	2011.51322836
54000	2017.4191772
55000	2023.50929393
56000	2029.55874183
57000	2035.67524475
58000	2041.84707621
59000	2048.06382587
60000	2053.72081359
61000	2060.11864306
62000	2065.93056147
63000	2071.84521762
64000	2076.92819968
65000	2082.90969677
66000	2088.99411514
67000	2094.43904681
68000	2100.30652797
69000	2105.78421953
70000	2112.59179057
71000	2119.87405297
72000	2124.93725583
73000	2131.05090519
74000	2137.90292287
75000	2144.31411466
76000	2150.50896432
77000	2156.59711215
78000	2162.22516586
79000	2168.33047048
80000	2173.37339302
81000	2179.82515818
82000	2185.49491192
83000	2190.82279684
84000	2196.24668794
85000	2202.36030849
86000	2208.06781263
87000	2213.89421538
88000	2220.52753228
89000	2226.72035218
90000	2232.91419058
91000	2239.40938976
92000	2244.81275937
93000	2251.52682838
94000	2257.70896401
95000	2264.07493517
96000	2269.40804555
97000	2275.15606437
98000	2281.1725032
99000	2287.59140478
100000	2293.61750439
101000	2300.36550687
102000	2305.83616561
103000	2312.2280898
104000	2319.13210461
105000	2325.79509531
106000	2332.17899628
107000	2338.48270452
108000	2344.28475664
109000	2350.31459948
110000	2356.90185922
111000	2362.33303523
112000	2368.00055317
113000	2373.68360438
114000	2379.00457878
115000	2385.27100593
116000	2391.46349632
117000	2397.05877475
118000	2403.86702067
119000	2409.05506397
120000	2414.48998785
121000	2420.36293168
122000	2428.04018265
123000	2434.47901864
124000	2440.28738098
125000	2446.40672599
126000	2451.41450303
127000	2456.89237338
128000	2462.74045922
129000	2469.12227994
130000	2475.4159007
131000	2481.22403529
132000	2487.05397288
133000	2493.74521404
134000	2500.01235483
135000	2505.7608716
136000	2512.65320084
137000	2518.53640136
138000	2525.20471538
139000	2530.88467787
140000	2537.17637782
141000	2542.50986143
142000	2549.10825331
143000	2554.35141688
144000	2561.00698255
145000	2567.60949144
146000	2573.34273936
147000	2578.75194848
148000	2584.73045681
149000	2590.37291125
150000	2596.40171721
151000	2601.50704632
152000	2608.28953108
153000	2614.73610096
154000	2621.53574404
155000	2627.75066287
156000	2633.61512795
157000	2639.52681726
158000	2645.25841591
159000	2650.69535127
160000	2656.24379135
161000	2663.12176719
162000	2669.15539812
163000	2674.68549559
164000	2680.23182578
165000	2686.069697
166000	2691.65198134
167000	2697.46435534
168000	2703.22169498
169000	2708.54501815
170000	2714.96673507
171000	2722.39066162
172000	2728.36802412
173000	2734.52336227
174000	2740.57268179
175000	2746.56790642
176000	2752.90442221
177000	2758.73253094
178000	2764.48110849
179000	2769.58455287
180000	2775.76504261
181000	2781.6329487
182000	2787.62301532
183000	2793.85134107
184000	2799.52720724
185000	2805.896632
186000	2811.64064496
187000	2817.60818417
188000	2823.31004066
189000	2828.54347404
190000	2835.64321926
191000	2841.1664448
192000	2846.5466485
193000	2853.72684876
194000	2859.93245684
195000	2866.34917959
196000	2871.61566975
197000	2878.03196102
198000	2883.93673604
199000	2890.12858613
200000	2897.03200248
201000	2903.66243621
202000	2909.77750134
203000	2915.53236671
204000	2922.28077163
205000	2928.85108444
206000	2935.80689801
207000	2941.24233742
208000	2948.62590348
209000	2955.54926697
210000	2961.17633195
211000	2967.8933254
212000	2973.62676825
213000	2979.84237671
214000	2985.36138567
215000	2992.06716168
216000	2998.15577755
217000	3004.34658385
218000	3010.59453886
219000	3016.03781335
220000	3021.90904535
221000	3028.4963683
222000	3034.50331947
223000	3040.66517768
224000	3046.57918385
225000	3052.78614501
226000	3058.64298254
227000	3064.27169571
228000	3071.19073668
229000	3077.47479056
230000	3084.34133318
231000	3090.64150452
232000	3096.47479503
233000	3102.09863247
234000	3108.47850915
235000	3114.03214273
236000	3119.62156751
237000	3124.73033065
238000	3131.09308833
239000	3136.02991877
240000	3142.77452767
241000	3149.44386256
242000	3155.20811648
243000	3161.15271312
244000	3167.08256344
245000	3173.76002293
246000	3179.36196387
247000	3185.13695273
248000	3191.53374776
249000	3197.66058161
250000	3204.25284384
251000	3210.11255711
252000	3216.16831142
253000	3222.5600231
254000	3228.47835638
255000	3235.12198348
256000	3241.48579967
257000	3247.13616812
258000	3252.94230069
259000	3258.80422715
260000	3264.69919097
261000	3270.26989159
262000	3275.74911678
263000	3282.19594889
264000	3288.28596714
265000	3294.65429492
266000	3301.28497835
267000	3307.11880303
268000	3312.83247873
269000	3318.28609982
270000	3325.04326271
271000	3331.92188724
272000	3337.02277815
273000	3343.30984957
274000	3349.97449281
275000	3356.54751218
276000	3362.21029568
277000	3368.52383978
278000	3374.48833178
279000	3380.95482772
280000	3386.96231392
281000	3392.82111717
282000	3398.3357431
283000	3404.47422374
284000	3410.23345869
285000	3416.14586064
286000	3422.16731411
287000	3428.30321428
288000	3434.07054179
289000	3440.28202629
290000	3446.76964784
291000	3452.85639066
292000	3458.45029697
293000	3463.31740994
294000	3470.08888004
295000	3476.29418722
296000	3483.64958448
297000	3489.6311953
298000	3495.3562676
299000	3501.21510931
300000	3507.48560234
301000	3513.1175467
302000	3519.13830096
303000	3524.72435806
304000	3530.29419055
305000	3535.84280063
306000	3542.38252492
307000	3548.59829785
308000	3555.2872824
309000	3561.07442017
310000	3567.8392911
311000	3573.82458431
312000	3579.31670309
313000	3585.06226642
314000	3590.96102677
315000	3596.95181806
316000	3603.07176926
317000	3608.98271129
318000	3614.85416896
319000	3620.07619504
320000	3626.21481156
321000	3633.0182494
322000	3638.89660967
323000	3644.99683008
324000	3651.2843345
325000	3656.75865798
326000	3662.81528574
327000	3669.28551047
328000	3676.03847331
329000	3682.10198229
330000	3688.1491761
331000	3693.44493924
332000	3698.84775595
333000	3704.88558808
334000	3711.33553418
335000	3717.43867324
336000	3723.00013881
337000	3729.15930776
338000	3735.68762721
339000	3741.80369915
340000	3748.68599441
341000	3754.91219843
342000	3762.15976872
343000	3767.93076134
344000	3773.57672724
345000	3779.05914883
346000	3784.62082579
347000	3790.19136801
348000	3795.9923349
349000	3801.63896988
350000	3807.47073366
351000	3813.81577192
352000	3820.05691743
353000	3826.88962275
354000	3833.45870047
355000	3839.73505839
356000	3846.32752862
357000	3852.88927557
358000	3858.5216428
359000	3863.54149633
360000	3869.80540935
361000	3875.92087021
362000	3882.56271289
363000	3889.05451252
364000	3894.53537216
365000	3899.99262172
366000	3906.23159021
367000	3912.87025376
368000	3918.45903272
369000	3924.30492743
370000	3930.63502143
371000	3936.312859
372000	3942.84511088
373000	3949.59345982
374000	3955.88254701
375000	3961.71002893
376000	3968.3460481
377000	3974.18920436
378000	3980.70370399
379000	3986.5401875
380000	3992.56280378
381000	3998.83088004
382000	4006.16095617
383000	4012.32024595
384000	4018.0294551
385000	4023.58219946
386000	4029.44803306
387000	4035.20189693
388000	4041.31556239
389000	4047.13136748
390000	4052.60253534
391000	4057.72184989
392000	4064.15267281
393000	4070.36625595
394000	4076.46392233
395000	4082.34799905
396000	4087.46426567
397000	4092.55787553
398000	4098.92862973
399000	4104.60054306
400000	4110.68648473
401000	4116.96807823
402000	4122.91785807
403000	4128.36616706
404000	4134.14580961
405000	4139.37675456
406000	4145.32360462
407000	4151.98016847
408000	4157.73865147
409000	4163.45731655
410000	4169.66571835
411000	4176.23695179
412000	4182.39598816
413000	4187.73007352
414000	4193.98225288
415000	4199.28068606
416000	4206.06836209
417000	4212.63598349
418000	4219.33871749
419000	4225.91260687
420000	4231.84184526
421000	4237.41155759
422000	4243.40528961
423000	4249.09246584
424000	4254.8749022
425000	4261.88641317
426000	4267.62551853
427000	4272.86369982
428000	4278.9862147
429000	4284.095877
430000	4289.61467021
431000	4295.73163792
432000	4300.49809318
433000	4305.89183458
434000	4312.035745
435000	4318.53492305
436000	4324.12530735
437000	4329.51188018
438000	4335.5938672
439000	4341.55064943
440000	4347.32795979
441000	4353.57221121
442000	4359.6990206
443000	4365.47532862
444000	4371.87452672
445000	4377.08457998
446000	4383.23765642
447000	4388.5986217
448000	4394.51448726
449000	4400.49467025
450000	4406.78261933
451000	4413.44908952
452000	4419.83473162
453000	4425.39241049
454000	4432.38527315
455000	4438.73409653
456000	4444.82099314
457000	4451.65003056
458000	4458.24785092
459000	4464.5418556
460000	4469.35658829
461000	4475.44801313
462000	4481.2378928
463000	4487.28837499
464000	4493.54625321
465000	4500.53160686
466000	4506.18496556
467000	4512.45431623
468000	4518.00762497
469000	4524.38245504
470000	4530.43397732
471000	4537.44938135
472000	4542.79980211
473000	4548.56929697
474000	4555.06214595
475000	4561.27873857
476000	4567.80864607
477000	4573.25585705
478000	4578.8318774
479000	4584.97375842
480000	4591.48910979
481000	4597.84492975
482000	4603.37199936
483000	4608.85467404
484000	4615.15560332
485000	4620.70786526
486000	4626.30437907
487000	4632.12207925
488000	4638.56459275
489000	4644.11477208
490000	4650.10655699
491000	4656.18855336
492000	4662.72961326
493000	4669.19567974
494000	4675.33537712
495000	4680.98070398
496000	4686.57874354
497000	4692.73572854
498000	4698.03583473
499000	4703.73454367
500000	4708.89753767
501000	4714.52072931
502000	4720.4071419
503000	4727.17173899
504000	4732.97650256
505000	4739.77659768
506000	4746.00199174
507000	4751.63071832
508000	4757.32983556
509000	4762.78520578
510000	4769.19736137
511000	4775.2253549
512000	4781.13047163
513000	4787.46094504
514000	4792.99644313
515000	4798.54739216
516000	4804.13466117
517000	4809.23193883
518000	4815.22346216
519000	4821.98439071
520000	4828.35028467
521000	4834.45346848
522000	4840.48669137
523000	4846.47928667
524000	4853.0148928
525000	4859.33089352
526000	4865.43097829
527000	4871.27671894
528000	4877.06428915
529000	4883.24178252
530000	4889.00205426
531000	4895.53655638
532000	4901.24425158
533000	4907.34853119
534000	4913.54618701
535000	4918.96815789
536000	4925.62190866
537000	4931.98816455
538000	4937.83237799
539000	4943.7582929
540000	4949.05689897
541000	4954.9273459
542000	4960.20220635
543000	4966.02397806
544000	4971.7714055
545000	4977.58165311
546000	4983.82867623
547000	4989.3772881
548000	4996.178779
549000	5001.96121012
550000	5007.45882305
551000	5012.97195272
552000	5019.13787491
553000	5025.07066345
554000	5030.98043669
555000	5035.70780448
556000	5042.01529883
557000	5047.27385364
558000	5053.33929642
559000	5058.44703273
560000	5063.66583664
561000	5069.96323659
562000	5075.73458724
563000	5081.74944902
564000	5087.83640775
565000	5094.72388924
566000	5100.49778525
567000	5107.20058335
568000	5112.83861832
569000	5117.4120998
570000	5123.57801238
571000	5130.22888438
572000	5136.27784168
573000	5141.8639038
574000	5147.94886873
575000	5153.70086415
576000	5159.91643014
577000	5165.70114515
578000	5171.8677605
579000	5177.48575158
580000	5183.42315116
581000	5189.97127901
582000	5195.94323503
583000	5202.31587304
584000	5208.11598345
585000	5214.61327877
586000	5220.16698754
587000	5226.45114468
588000	5232.66546104
589000	5238.76153536
590000	5245.09240443
591000	5251.8499914
592000	5257.09210931
593000	5263.01566839
594000	5268.66862444
595000	5275.09169511
596000	5281.00268631
597000	5286.6938384
598000	5292.18607554
599000	5298.00966925
600000	5303.52771286
601000	5309.58682849
602000	5315.40871288
603000	5322.24211418
604000	5328.72358254
605000	5334.54384102
606000	5340.32482599
607000	5345.25504573
608000	5350.16503035
609000	5356.15026622
610000	5362.09576013
611000	5368.47436485
612000	5374.87653055
613000	5380.46908353
614000	5386.28741519
615000	5392.30983691
616000	5398.07387786
617000	5404.19342848
618000	5410.16942617
619000	5416.81049586
620000	5423.40029406
621000	5429.39569165
622000	5435.3212157
623000	5440.76777435
624000	5446.81980767
625000	5452.47892964
626000	5458.65978351
627000	5464.57248369
628000	5470.79185191
629000	5476.24010138
630000	5482.73961355
631000	5488.51373741
632000	5494.83925387
633000	5501.05280472
634000	5507.07398666
635000	5512.96171088
636000	5519.3858528
637000	5524.91684502
638000	5530.05359854
639000	5535.65518398
640000	5541.54428609
641000	5547.36008808
642000	5553.6396212
643000	5559.60513154
644000	5565.46708247
645000	5571.23522864
646000	5577.35313389
647000	5583.75304065
648000	5589.27197189
649000	5595.29664488
650000	5601.42978455
651000	5607.02454184
652000	5612.82332533
653000	5618.32859209
654000	5625.15979314
655000	5630.467187
656000	5635.89382784
657000	5641.59865273
658000	5647.28774507
659000	5653.13783334
660000	5659.2322385
661000	5665.12028121
662000	5670.84290705
663000	5677.40333537
664000	5682.83431961
665000	5689.99829613
666000	5696.34201063
667000	5702.65505352
668000	5708.39947374
669000	5714.12571856
670000	5721.09760796
671000	5727.85639606
672000	5734.02436477
673000	5738.76644645
674000	5745.24273474
675000	5751.17475142
676000	5758.01151923
677000	5764.35390132
678000	5771.08526016
679000	5777.34194433
680000	5782.62458607
681000	5787.88953777
682000	5794.28065316
683000	5800.38169424
684000	5806.35823385
685000	5811.96178289
686000	5818.30993022
687000	5825.01875624
688000	5831.63098722
689000	5838.14022541
690000	5844.02835554
691000	5848.91990472
692000	5855.23820546
693000	5861.52998164
694000	5866.81874734
695000	5872.8042895
696000	5879.14166995
697000	5885.61752243
698000	5891.04256523
699000	5896.65214706
700000	5903.39212621
701000	5908.31556765
702000	5914.63706007
703000	5920.33283493
704000	5926.47563114
705000	5932.84192069
706000	5938.18911488
707000	5944.21716873
708000	5950.64924554
709000	5956.6253092
710000	5962.35437512
711000	5968.02485171
712000	5974.87771669
713000	5980.74064724
714000	5986.24937455
715000	5992.95781818
716000	5998.44931496
717000	6004.00622835
718000	6010.49035876
719000	6016.64528719
720000	6022.94981085
721000	6029.78462579
722000	6036.85444685
723000	6043.1017978
724000	6049.33490375
725000	6054.62243501
726000	6060.31884044
727000	6066.33126274
728000	6072.27645057
729000	6077.83902837
730000	6084.02526145
731000	6090.1960998
732000	6096.71333736
733000	6102.89437456
734000	6108.483526
735000	6114.5816398
736000	6121.40283446
737000	6127.64380003
738000	6133.40029487
739000	6139.20949275
740000	6145.34851635
741000	6150.91822019
742000	6157.01044701
743000	6162.79897229
744000	6168.46615692
745000	6174.70960458
746000	6180.87045378
747000	6186.37361246
748000	6192.2302482
749000	6197.90830564
750000	6202.94472136
751000	6209.51431867
752000	6215.24829127
753000	6221.45958389
754000	6228.14064539
755000	6234.30359909
756000	6240.48108435
757000	6246.09980108
758000	6252.81243229
759000	6258.68868332
760000	6265.63123951
761000	6271.51229876
762000	6277.70374081
763000	6283.28097357
764000	6289.65666522
765000	6295.44853606
766000	6301.71218431
767000	6307.3119955
768000	6313.68052759
769000	6319.60604849
770000	6326.43510496
771000	6332.65816044
772000	6338.7105972
773000	6344.20298784
774000	6351.03546596
775000	6357.39124362
776000	6364.51972135
777000	6371.17197915
778000	6377.02671955
779000	6382.81244366
780000	6388.82803478
781000	6395.4731574
782000	6402.49891636
783000	6409.09930898
784000	6414.65382565
785000	6420.27912702
786000	6426.92430484
787000	6432.15218494
788000	6439.07610614
789000	6444.61413228
790000	6450.92845073
791000	6456.65618141
792000	6463.06205365
793000	6468.90890462
794000	6474.31240106
795000	6480.71920686
796000	6487.04187834
797000	6493.14530049
798000	6498.7755524
799000	6504.37431181
800000	6510.85782427
801000	6517.26238087
802000	6522.77800805
803000	6528.91612217
804000	6534.3539454
805000	6539.50985242
806000	6546.19179706
807000	6551.64446316
808000	6557.23948464
809000	6563.08680842
810000	6569.69825983
811000	6575.15691868
812000	6581.35817173
813000	6587.15709605
814000	6593.00860319
815000	6598.51111174
816000	6604.06164837
817000	6610.19527741
818000	6615.99427579
819000	6623.78716034
820000	6629.71240201
821000	6635.14406631
822000	6641.82237316
823000	6647.601482
824000	6654.23646061
825000	6658.79696247
826000	6665.00564192
827000	6670.38856925
828000	6674.88621278
829000	6680.64573447
830000	6686.52589693
831000	6692.08497794
832000	6697.41581741
833000	6703.30850664
834000	6709.20646725
835000	6715.0053433
836000	6720.29212177
837000	6726.29798055
838000	6731.8155139
839000	6737.04499601
840000	6743.38944572
841000	6749.78998854
842000	6755.45835985
843000	6761.03804468
844000	6767.31243768
845000	6774.22579685
846000	6781.76137226
847000	6787.5678076
848000	6793.16828847
849000	6799.27499637
850000	6805.14331128
851000	6810.71715381
852000	6816.60853131
853000	6822.30941281
854000	6828.57129128
855000	6834.84780157
856000	6840.09290021
857000	6845.15034122
858000	6851.79474801
859000	6857.72575993
860000	6864.0807375
861000	6869.56581232
862000	6875.30058065
863000	6881.6907461
864000	6887.73720657
865000	6894.41404965
866000	6900.91021251
867000	6907.59973884
868000	6914.6019576
869000	6920.66287106
870000	6926.82159454
871000	6933.07720082
872000	6939.50843936
873000	6946.23086259
874000	6952.36152747
875000	6957.74338247
876000	6964.48953787
877000	6970.97741887
878000	6976.85738642
879000	6983.65774568
880000	6989.72033524
881000	6996.09939445
882000	7001.60460446
883000	7007.82575134
884000	7013.1123577
885000	7019.57670835
886000	7026.05864693
887000	7030.9938785
888000	7036.46141985
889000	7042.59203708
890000	7048.89487517
891000	7053.73731658
892000	7060.02410713
893000	7066.39098349
894000	7072.67499957
895000	7079.25461183
896000	7084.77223192
897000	7091.1348899
898000	7097.14260064
899000	7103.40329148
900000	7109.83943079
901000	7116.36004812
902000	7121.73540129
903000	7127.26448691
904000	7133.57441306
905000	7139.01879487
906000	7144.73256548
907000	7150.03468717
908000	7156.10839926
909000	7162.33741976
910000	7167.40133099
911000	7173.04382927
912000	7179.40123926
913000	7184.69642962
914000	7189.88439444
915000	7196.45414606
916000	7202.43907836
917000	7207.75890607
918000	7214.38138111
919000	7219.04460918
920000	7224.39502978
921000	7230.23624191
922000	7235.38887128
923000	7240.80862295
924000	7246.37427165
925000	7252.97242961
926000	7257.35344181
927000	7262.97195655
928000	7268.97646335
929000	7275.78632381
930000	7281.1638165
931000	7287.61018905
932000	7292.70214219
933000	7298.95014792
934000	7305.6912986
935000	7311.48646621
936000	7317.64256594
937000	7323.15807294
938000	7329.87202943
939000	7335.79204857
940000	7342.19899646
941000	7347.03754078
942000	7354.35250823
943000	7361.26667378
944000	7367.2355343
945000	7373.39945093
946000	7379.24635821
947000	7384.2139268
948000	7389.49921191
949000	7395.49207747
950000	7401.55944175
951000	7407.46607238
952000	7412.0378378
953000	7417.8837866
954000	7423.68665406
955000	7428.9845729
956000	7436.29348733
957000	7442.9283642
958000	7450.35223805
959000	7456.58341432
960000	7462.49451639
961000	7468.19581591
962000	7474.217978
963000	7480.73477735
964000	7486.40970262
965000	7492.71371269
966000	7498.84611173
967000	7505.07015182
968000	7511.09806624
969000	7516.82353368
970000	7523.18713002
971000	7529.60095568
972000	7534.94240091
973000	7540.74677866
974000	7546.75636085
975000	7552.92229007
976000	7559.10470833
977000	7565.67225202
978000	7571.8417609
979000	7577.56920443
980000	7583.60938706
981000	7590.00486225
982000	7596.54529778
983000	7602.19827118
984000	7607.63488676
985000	7613.23911172
986000	7619.0829634
987000	7624.76874393
988000	7630.84461469
989000	7637.40631423
990000	7643.63894316
991000	7649.57194693
992000	7656.20535157
993000	7662.05876848
994000	7668.25823247
995000	7673.08369365
996000	7678.80365236
997000	7685.43889201
998000	7691.24186683
999000	7697.36221164
1000000	7702.57708539
1001000	7707.23986752
1002000	7712.73020022
1003000	7718.7018666
1004000	7724.26654783
1005000	7729.69720542
1006000	7735.6580447
1007000	7741.38327484
1008000	7747.59548157
1009000	7754.13987397
1010000	7761.2768819
1011000	7767.12733987
1012000	7771.84990926
1013000	7777.86153009
1014000	7783.102851
1015000	7789.30565608
1016000	7795.28085137
1017000	7800.92822329
1018000	7807.02908054
1019000	7814.26630724
1020000	7819.92382122
1021000	7826.48099173
1022000	7832.94534919
1023000	7838.69655644
1024000	7844.73258738
1025000	7850.96128554
1026000	7857.31728953
1027000	7862.55159785
1028000	7868.429258
1029000	7874.83320274
1030000	7881.26644188
1031000	7887.34172009
1032000	7892.90571881
1033000	7899.09036712
1034000	7904.80277288
1035000	7910.92679356
1036000	7917.23952326
1037000	7922.71524598
1038000	7928.65990708
1039000	7934.53997057
1040000	7940.30238966
1041000	7945.70828496
1042000	7952.07098766
1043000	7958.51865295
1044000	7964.93289692
1045000	7970.99477755
1046000	7976.98945582
1047000	7982.22690967
1048000	7988.25056313
1049000	7993.98432035
1050000	7999.52261708
1051000	8006.01111047
1052000	8011.79802945
1053000	8018.71606367
1054000	8024.25276663
1055000	8029.96672213
1056000	8036.10664634
1057000	8042.50181088
1058000	8048.92422751
1059000	8055.50903711
1060000	8061.20707038
1061000	8067.80736598
1062000	8073.80688272
1063000	8080.0416996
1064000	8086.63365789
1065000	8092.42853733
1066000	8097.90511319
1067000	8103.54231248
1068000	8109.0193682
1069000	8116.16642412
1070000	8122.95578113
1071000	8129.8068164
1072000	8135.76015472
1073000	8142.12232671
1074000	8148.1509474
1075000	8153.23751834
1076000	8159.61876552
1077000	8165.18973542
1078000	8171.58795313
1079000	8177.35999501
1080000	8183.69629053
1081000	8189.29758036
1082000	8195.28000635
1083000	8201.37646886
1084000	8207.77497391
1085000	8213.62393503
1086000	8220.84967341
1087000	8227.34652555
1088000	8232.99255984
1089000	8238.90716994
1090000	8244.99674596
1091000	8251.56717437
1092000	8256.70787812
1093000	8262.93642553
1094000	8268.09639082
1095000	8273.74954644
1096000	8279.26131688
1097000	8284.75580258
1098000	8290.97316425
1099000	8297.37506955
1100000	8302.48072216
1101000	8308.2427315
1102000	8314.74747052
1103000	8320.79029113
1104000	8327.62475096
1105000	8333.58219136
1106000	8339.834947
1107000	8345.30354655
1108000	8351.74223164
1109000	8357.72551863
1110000	8363.51884724
1111000	8368.87837355
1112000	8375.10446867
1113000	8381.0509203
1114000	8387.40730953
1115000	8393.63761146
1116000	8399.19007739
1117000	8404.78421132
1118000	8410.46786988
1119000	8416.38881489
1120000	8422.39336465
1121000	8427.86222638
1122000	8434.16115302
1123000	8439.56634849
1124000	8445.51302669
1125000	8452.30718349
1126000	8457.8725131
1127000	8464.67873906
1128000	8470.52195108
1129000	8476.25044013
1130000	8482.95496409
1131000	8488.52592703
1132000	8494.11925144
1133000	8500.28444928
1134000	8506.19927133
1135000	8513.45619839
1136000	8519.39490365
1137000	8525.2697997
1138000	8530.95574568
1139000	8537.46222235
1140000	8543.50037613
1141000	8549.07466594
1142000	8554.96031023
1143000	8560.18594594
1144000	8566.57928723
1145000	8572.41273803
1146000	8579.31333627
1147000	8585.72875367
1148000	8591.98419129
1149000	8599.00045392
1150000	8605.13502055
1151000	8612.13563014
1152000	8617.14550548
1153000	8623.67691849
1154000	8630.02828183
1155000	8637.23536453
1156000	8643.47523598
1157000	8649.53959669
1158000	8655.49205108
1159000	8660.85366462
1160000	8666.08481233
1161000	8671.57349968
1162000	8678.42907358
1163000	8685.03056458
1164000	8691.1641203
1165000	8696.94803047
1166000	8702.304279
1167000	8707.9937737
1168000	8714.27889807
1169000	8720.20376118
1170000	8725.71730374
1171000	8731.91844103
1172000	8738.65567234
1173000	8744.56545362
1174000	8750.60920159
1175000	8755.83825277
1176000	8762.02701351
1177000	8767.9365922
1178000	8774.12334934
1179000	8780.73777172
1180000	8785.90626288
1181000	8791.39857804
1182000	8797.26152695
1183000	8804.04897822
1184000	8810.13418048
1185000	8816.24892639
1186000	8822.00557854
1187000	8827.44120213
1188000	8833.46545146
1189000	8839.1351699
1190000	8845.11537851
1191000	8851.28193946
1192000	8857.70578751
1193000	8863.7145318
1194000	8869.6880125
1195000	8875.50927892
1196000	8881.78809658
1197000	8887.50664676
1198000	8893.36497815
1199000	8899.76269327
1200000	8905.71990089
1201000	8912.38271469
1202000	8918.35144416
1203000	8924.97417255
1204000	8930.43314507
1205000	8937.2038035
1206000	8943.73233009
1207000	8949.9518394
1208000	8955.84897312
1209000	8962.09064843
1210000	8968.36337551
1211000	8975.45965751
1212000	8981.67473416
1213000	8988.35340318
1214000	8993.6267449
1215000	9000.05479146
1216000	9005.71654995
1217000	9012.10620808
1218000	9018.78111801
1219000	9023.90864581
1220000	9029.68648079
1221000	9035.03507318
1222000	9041.72136458
1223000	9047.315232
1224000	9053.08464175
1225000	9059.58999073
1226000	9065.37151129
1227000	9071.29109844
1228000	9078.01170326
1229000	9083.78184732
1230000	9089.88381057
1231000	9095.39943685
1232000	9100.76776165
1233000	9106.40497758
1234000	9112.93573136
1235000	9118.66879014
1236000	9125.10861023
1237000	9131.61353712
1238000	9137.07242455
1239000	9142.67230683
1240000	9148.19854662
1241000	9154.17504881
1242000	9160.61185203
1243000	9166.83272825
1244000	9173.33052191
1245000	9179.21171009
1246000	9184.97798047
1247000	9191.22481708
1248000	9195.82271741
1249000	9201.3431367
1250000	9207.21961616
1251000	9212.70195616
1252000	9218.82266201
1253000	9224.72218314
1254000	9230.70637462
1255000	9236.91873805
1256000	9241.85957111
1257000	9247.6934918
1258000	9253.85082316
1259000	9260.61663453
1260000	9266.26152295
1261000	9271.84725465
1262000	9278.10964299
1263000	9284.41696112
1264000	9290.54762304
1265000	9296.41750744
1266000	9302.91438061
1267000	9307.93561111
1268000	9314.20408716
1269000	9320.23116145
1270000	9326.09799847
1271000	9331.13010651
1272000	9337.94796271
1273000	9344.36371973
1274000	9350.5840745
1275000	9356.36966468
1276000	9362.2380581
1277000	9367.65664352
1278000	9373.83952242
1279000	9380.69855733
1280000	9387.34683242
1281000	9393.92745293
1282000	9399.8296187
1283000	9404.9988337
1284000	9411.05014493
1285000	9416.62586838
1286000	9423.06043738
1287000	9428.49903232
1288000	9434.80771581
1289000	9440.7284351
1290000	9446.47918695
1291000	9452.41937333
1292000	9458.31640171
1293000	9464.00801671
1294000	9470.251619
1295000	9476.88603249
1296000	9483.03139304
1297000	9488.99425617
1298000	9493.75537165
1299000	9499.39059652
1300000	9505.41559411
1301000	9511.65597908
1302000	9517.51981309
1303000	9523.18875089
1304000	9529.30377924
1305000	9535.04570951
1306000	9541.21725825
1307000	9547.35954489
1308000	9553.80980778
1309000	9558.98637048
1310000	9565.29874251
1311000	9570.78202501
1312000	9576.57824849
1313000	9582.50216968
1314000	9588.71711565
1315000	9594.40954251
1316000	9600.60704676
1317000	9606.10769215
1318000	9612.64793763
1319000	9618.20435992
1320000	9623.70001803
1321000	9629.88304086
1322000	9636.22361955
1323000	9642.41225184
1324000	9648.62905461
1325000	9654.505167
1326000	9660.68491764
1327000	9667.18289377
1328000	9673.69769917
1329000	9679.68956465
1330000	9685.26126741
1331000	9690.70915006
1332000	9697.11173596
1333000	9703.59956981
1334000	9709.67061269
1335000	9716.13263825
1336000	9721.6942136
1337000	9727.98920178
1338000	9733.95194743
1339000	9739.22748241
1340000	9744.78000537
1341000	9750.39565568
1342000	9756.05091569
1343000	9761.97518264
1344000	9768.26591111
1345000	9773.9455364
1346000	9779.13628715
1347000	9784.68729788
1348000	9790.41370685
1349000	9795.33390714
1350000	9801.45930931
1351000	9807.7884209
1352000	9813.99423173
1353000	9819.26655565
1354000	9825.09252277
1355000	9831.10057237
1356000	9836.39843887
1357000	9843.00490432
1358000	9848.83092829
1359000	9855.01504513
1360000	9860.10137879
1361000	9865.41205604
1362000	9871.76869036
1363000	9877.68956281
1364000	9884.1796516
1365000	9889.91957774
1366000	9895.1789846
1367000	9901.21822976
1368000	9907.52434976
1369000	9913.11483299
1370000	9918.65530251
1371000	9924.47676552
1372000	9930.23275322
1373000	9935.43428175
1374000	9942.45695709
1375000	9948.69758103
1376000	9954.74713967
1377000	9959.29734928
1378000	9964.99361118
1379000	9970.21850165
1380000	9976.13857127
1381000	9982.1721595
1382000	9988.10745523
1383000	9994.74815962
1384000	10000.3188479
1385000	10005.6211867
1386000	10012.042089
1387000	10018.0290578
1388000	10025.1545238
1389000	10030.9572765
1390000	10036.735381
1391000	10041.4148413
1392000	10047.7379051
1393000	10053.8087226
1394000	10060.420285
1395000	10066.5819692
1396000	10071.5521945
1397000	10078.1757599
1398000	10083.7665938
1399000	10089.2711466
1400000	10095.2014862
1401000	10101.7713472
1402000	10107.7609995
1403000	10114.4048449
1404000	10120.6973867
1405000	10127.37668
1406000	10133.9159546
1407000	10139.5787808
1408000	10145.3772648
1409000	10150.9625394
1410000	10157.1915956
1411000	10163.470357
1412000	10169.5015105
1413000	10175.1901723
1414000	10181.4253148
1415000	10186.8670535
1416000	10192.3369623
1417000	10197.3748987
1418000	10203.5020554
1419000	10208.1184078
1420000	10214.7967894
1421000	10220.7466182
1422000	10226.2681486
1423000	10232.5543174
1424000	10238.3032829
1425000	10245.0408579
1426000	10251.4226664
1427000	10257.3626127
1428000	10264.5756077
1429000	10270.8062606
1430000	10276.5515518
1431000	10283.1810222
1432000	10289.7418444
1433000	10295.1224608
1434000	10301.299188
1435000	10306.8085614
1436000	10313.275133
1437000	10319.502628
1438000	10326.0006692
1439000	10332.343146
1440000	10338.8654296
1441000	10344.844752
1442000	10350.8567629
1443000	10356.2095014
1444000	10362.0020813
1445000	10367.2960598
1446000	10373.2619163
1447000	10378.5267328
1448000	10385.207259
1449000	10391.5381445
1450000	10397.3720929
1451000	10403.1880518
1452000	10408.7653105
1453000	10415.398014
1454000	10421.7611354
1455000	10427.8530087
1456000	10433.2712476
1457000	10438.9148142
1458000	10445.2640141
1459000	10451.8046838
1460000	10457.3076787
1461000	10463.9981757
1462000	10469.6000323
1463000	10475.7721825
1464000	10480.8858979
1465000	10486.8848938
1466000	10492.7850001
1467000	10498.9872864
1468000	10505.3064455
1469000	10511.607442
1470000	10518.4295612
1471000	10523.8181656
1472000	10530.7057618
1473000	10537.0832006
1474000	10543.1516857
1475000	10548.8516871
1476000	10555.1967659
1477000	10561.2236262
1478000	10567.1962627
1479000	10573.265738
1480000	10578.672577
1481000	10584.1831103
1482000	10590.4602232
1483000	10596.3875168
1484000	10602.1092245
1485000	10609.4757095
1486000	10615.7456668
1487000	10621.8131558
1488000	10628.2367535
1489000	10633.6788604
1490000	10639.1979323
1491000	10644.8127846
1492000	10650.411797
1493000	10656.0762208
1494000	10661.0281973
1495000	10666.3540023
1496000	10672.3549579
1497000	10678.5385555
1498000	10683.7899889
1499000	10690.3389674
1500000	10697.0791256
1501000	10702.8621631
1502000	10708.5433124
1503000	10714.9907574
1504000	10721.1342686
1505000	10726.9272203
1506000	10733.0181176
1507000	10738.2575176
1508000	10743.9194738
1509000	10750.3433537
1510000	10756.5330768
1511000	10762.3006243
1512000	10768.8610552
1513000	10774.9320907
1514000	10781.6939567
1515000	10786.6061906
1516000	10792.622006
1517000	10798.7893583
1518000	10804.5411633
1519000	10810.5269325
1520000	10815.8176811
1521000	10820.7113456
1522000	10826.4199821
1523000	10831.822204
1524000	10838.2342765
1525000	10844.2128343
1526000	10851.088452
1527000	10857.5723675
1528000	10863.8879629
1529000	10869.8710378
1530000	10876.8225511
1531000	10882.0335419
1532000	10888.1092593
1533000	10893.3590628
1534000	10899.3636844
1535000	10905.6874305
1536000	10912.1570442
1537000	10918.7695354
1538000	10924.719126
1539000	10930.1814488
1540000	10935.9946638
1541000	10941.3174557
1542000	10947.1391963
1543000	10951.796907
1544000	10956.8413437
1545000	10962.9580963
1546000	10967.9315411
1547000	10973.0533794
1548000	10978.5175315
1549000	10984.5065661
1550000	10989.3967944
1551000	10995.4315971
1552000	11001.1443046
1553000	11007.6907836
1554000	11014.1110349
1555000	11020.9026481
1556000	11027.2839879
1557000	11033.4011645
1558000	11038.6066961
1559000	11044.3313451
1560000	11050.3816517
1561000	11056.1611571
1562000	11062.3287103
1563000	11068.2342742
1564000	11073.8400736
1565000	11081.2099645
1566000	11086.4340441
1567000	11091.2033076
1568000	11097.6531798
1569000	11103.9794
1570000	11109.8194679
1571000	11115.6611815
1572000	11121.983037
1573000	11128.0395092
1574000	11134.5654996
1575000	11140.4162318
1576000	11145.4492947
1577000	11150.9147455
1578000	11157.449594
1579000	11163.8171006
1580000	11169.8991303
1581000	11175.9201532
1582000	11182.0569239
1583000	11188.3725172
1584000	11194.0095202
1585000	11200.2122057
1586000	11206.257818
1587000	11212.8007545
1588000	11218.426987
1589000	11224.4007391
1590000	11230.910493
1591000	11236.5011796
1592000	11241.9625281
1593000	11248.4449207
1594000	11254.3910173
1595000	11260.1368883
1596000	11267.3235468
1597000	11273.4809137
1598000	11279.3475962
1599000	11284.9806924
1600000	11290.8974367
1601000	11297.1516736
1602000	11303.1483795
1603000	11308.6695211
1604000	11314.9221195
1605000	11320.5465812
1606000	11326.423693
1607000	11331.9337741
1608000	11337.6876352
1609000	11344.2956791
1610000	11351.0571982
1611000	11357.5613953
1612000	11363.6122842
1613000	11369.4945988
1614000	11375.0984108
1615000	11380.8154157
1616000	11386.6867727
1617000	11392.2448516
1618000	11397.9492206
1619000	11403.9954195
1620000	11408.6920266
1621000	11414.7243173
1622000	11420.5966865
1623000	11425.947189
1624000	11431.6627647
1625000	11437.3372128
1626000	11443.1480336
1627000	11449.6390588
1628000	11456.1254071
1629000	11462.0139526
1630000	11467.7899057
1631000	11473.4579088
1632000	11479.2404475
1633000	11484.8799556
1634000	11490.6402518
1635000	11496.4749016
1636000	11502.0875859
1637000	11508.2364674
1638000	11513.8772862
1639000	11520.095993
1640000	11527.1393872
1641000	11532.3357869
1642000	11537.7298171
1643000	11543.6554603
1644000	11549.2216168
1645000	11555.0140008
1646000	11560.6649157
1647000	11566.3683373
1648000	11572.5053781
1649000	11578.0919333
1650000	11584.1890926
1651000	11590.7446014
1652000	11596.8372504
1653000	11602.7075951
1654000	11609.1638979
1655000	11615.9078659
1656000	11621.6168066
1657000	11627.3980677
1658000	11632.7304717
1659000	11638.2652788
1660000	11644.1192214
1661000	11650.4488352
1662000	11656.5080171
1663000	11662.5423433
1664000	11668.4654192
1665000	11674.6931342
1666000	11680.1330259
1667000	11685.0171001
1668000	11690.9885892
1669000	11697.5763062
1670000	11703.8899607
1671000	11710.1763527
1672000	11716.1396542
1673000	11722.1268448
1674000	11728.7707491
1675000	11734.534702
1676000	11739.9746705
1677000	11745.7663983
1678000	11751.8394625
1679000	11758.2366446
1680000	11764.7350336
1681000	11770.4572073
1682000	11776.9440604
1683000	11783.3027475
1684000	11789.2144627
1685000	11795.3955022
1686000	11801.6273673
1687000	11807.3953109
1688000	11813.3098174
1689000	11819.6826259
1690000	11825.8973664
1691000	11832.6265339
1692000	11839.6276258
1693000	11846.0345515
1694000	11851.3714823
1695000	11857.1426302
1696000	11863.1279753
1697000	11868.7325774
1698000	11874.8532969
1699000	11879.8127297
1700000	11885.6966337
1701000	11891.0896053
1702000	11897.4153861
1703000	11904.2990044
1704000	11909.555319
1705000	11916.2976995
1706000	11922.0909122
1707000	11928.2381292
1708000	11933.8648611
1709000	11939.2230723
1710000	11945.4898563
1711000	11952.2835364
1712000	11958.6579685
1713000	11963.8154137
1714000	11969.5949991
1715000	11976.2127027
1716000	11982.4291952
1717000	11987.5748503
1718000	11992.9761241
1719000	11999.0942559
1720000	12004.9564969
1721000	12011.0082555
1722000	12017.7390434
1723000	12024.2633444
1724000	12030.5446247
1725000	12036.3708592
1726000	12042.6882803
1727000	12048.4459489
1728000	12055.0856386
1729000	12061.2877488
1730000	12067.0355894
1731000	12073.3457719
1732000	12079.794023
1733000	12086.8266517
1734000	12093.2420939
1735000	12098.6598184
1736000	12105.3065606
1737000	12112.2735594
1738000	12117.989106
1739000	12124.3900852
1740000	12130.1772184
1741000	12135.6406641
1742000	12141.0700957
1743000	12146.5392782
1744000	12152.1331015
1745000	12158.2745354
1746000	12164.7389692
1747000	12171.4507723
1748000	12177.2722761
1749000	12182.2391221
1750000	12187.8784051
1751000	12193.3896323
1752000	12198.9949315
1753000	12205.5983301
1754000	12211.1364808
1755000	12216.7671439
1756000	12221.8842376
1757000	12228.5007156
1758000	12234.2112117
1759000	12240.0846914
1760000	12245.3186449
1761000	12251.0628199
1762000	12256.737957
1763000	12262.1195364
1764000	12268.6687961
1765000	12275.2998823
1766000	12281.1462756
1767000	12287.6285324
1768000	12293.6426822
1769000	12299.1724027
1770000	12304.772331
1771000	12310.7243646
1772000	12316.8644352
1773000	12323.2467511
1774000	12329.885866
1775000	12334.8571322
1776000	12340.5384679
1777000	12346.0230597
1778000	12352.9549673
1779000	12358.6942773
1780000	12365.2442441
1781000	12370.6497814
1782000	12376.9548541
1783000	12382.4199653
1784000	12388.5272807
1785000	12394.3285013
1786000	12399.8118877
1787000	12405.9831985
1788000	12411.6492933
1789000	12418.1135055
1790000	12424.5206201
1791000	12431.0534422
1792000	12436.2024989
1793000	12441.6897524
1794000	12448.1859702
1795000	12454.4875376
1796000	12460.9172543
1797000	12466.7724203
1798000	12473.2618441
1799000	12479.1547405
1800000	12484.1851598
1801000	12491.201989
1802000	12496.356788
1803000	12502.5372824
1804000	12508.8628508
1805000	12514.6706939
1806000	12520.8795547
1807000	12526.6641971
1808000	12533.203798
1809000	12539.1908001
1810000	12544.7116641
1811000	12550.032722
1812000	12555.7447093
1813000	12562.1949543
1814000	12567.6669343
1815000	12573.5854431
1816000	12579.6421995
1817000	12584.832817
1818000	12590.3815943
1819000	12596.1345151
1820000	12603.2247347
1821000	12610.5486284
1822000	12616.9142735
1823000	12622.0683898
1824000	12627.9243941
1825000	12633.2713866
1826000	12639.9717351
1827000	12645.7373297
1828000	12651.8564052
1829000	12657.3653873
1830000	12664.4846406
1831000	12670.3968043
1832000	12676.9745564
1833000	12683.2994029
1834000	12689.1121753
1835000	12694.7925909
1836000	12701.0024296
1837000	12707.3197949
1838000	12713.7554863
1839000	12719.4237841
1840000	12725.0664194
1841000	12730.9493034
1842000	12736.9010756
1843000	12743.2064557
1844000	12749.9594023
1845000	12756.2132069
1846000	12763.0070943
1847000	12769.0123612
1848000	12775.0344092
1849000	12780.7257563
1850000	12786.3281507
1851000	12792.0138758
1852000	12797.7588026
1853000	12803.3740948
1854000	12809.5014604
1855000	12815.7351716
1856000	12822.3509664
1857000	12829.7705263
1858000	12835.4721939
1859000	12841.385979
1860000	12847.869409
1861000	12854.347642
1862000	12861.6093411
1863000	12867.7317874
1864000	12873.1201129
1865000	12879.9245234
1866000	12886.4811579
1867000	12892.0808922
1868000	12897.8742334
1869000	12903.7843897
1870000	12910.3405519
1871000	12916.8073903
1872000	12921.6090011
1873000	12928.2493125
1874000	12934.2838664
1875000	12940.6582859
1876000	12947.2820838
1877000	12952.7740056
1878000	12957.4786636
1879000	12963.7799123
1880000	12970.2501189
1881000	12976.8279171
1882000	12982.4566886
1883000	12988.5218019
1884000	12995.2025658
1885000	13001.7936924
1886000	13007.8694974
1887000	13013.7786819
1888000	13020.6420213
1889000	13026.5869966
1890000	13032.2406903
1891000	13037.956977
1892000	13044.0370755
1893000	13049.961888
1894000	13055.8121215
1895000	13062.0573845
1896000	13068.0405409
1897000	13074.2143033
1898000	13080.4713259
1899000	13086.7710067
1900000	13092.7354722
1901000	13098.0348851
1902000	13103.0085759
1903000	13107.7640802
1904000	13114.2774613
1905000	13120.0009701
1906000	13125.2337875
1907000	13130.9080387
1908000	13136.2206841
1909000	13142.4552851
1910000	13147.3758702
1911000	13153.1050707
1912000	13160.576183
1913000	13167.2772347
1914000	13172.5221548
1915000	13178.0217228
1916000	13184.9961402
1917000	13191.0585559
1918000	13196.4166513
1919000	13203.1683522
1920000	13209.4583053
1921000	13215.2154629
1922000	13221.0239535
1923000	13227.2385704
1924000	13232.49906
1925000	13239.4324195
1926000	13245.7315304
1927000	13252.0659876
1928000	13258.0174157
1929000	13264.2673892
1930000	13270.1166421
1931000	13274.890838
1932000	13281.2053782
1933000	13287.850322
1934000	13294.7866034
1935000	13300.2367558
1936000	13306.4538327
1937000	13312.1569813
1938000	13318.3800165
1939000	13324.3117883
1940000	13330.2792927
1941000	13336.9089499
1942000	13342.8948061
1943000	13347.9814533
1944000	13354.0361927
1945000	13359.7042795
1946000	13364.9462345
1947000	13370.7505235
1948000	13377.368748
1949000	13382.9944695
1950000	13388.4060191
1951000	13393.4226627
1952000	13399.3853493
1953000	13404.8974924
1954000	13411.4085423
1955000	13417.3718593
1956000	13424.244772
1957000	13430.5507965
1958000	13437.3617615
1959000	13443.132638
1960000	13449.4527853
1961000	13456.6056553
1962000	13462.7807142
1963000	13469.4401367
1964000	13475.5298104
1965000	13482.5460223
1966000	13488.156086
1967000	13493.861957
1968000	13500.5029514
1969000	13506.4545661
1970000	13512.4137891
1971000	13518.4503904
1972000	13524.1414813
1973000	13530.4399055
1974000	13537.2574593
1975000	13543.5204496
1976000	13549.2829127
1977000	13554.523663
1978000	13559.8004102
1979000	13565.6119525
1980000	13572.366292
1981000	13578.5937924
1982000	13585.1024348
1983000	13591.3703926
1984000	13596.7235057
1985000	13603.1176758
1986000	13609.5653108
1987000	13615.7027137
1988000	13621.7283674
1989000	13628.4537734
1990000	13634.8428567
1991000	13640.7481692
1992000	13646.8820228
1993000	13652.5457283
1994000	13659.3154577
1995000	13665.8620639
1996000	13673.5344316
1997000	13680.2493756
1998000	13686.4626131
1999000	13692.0945892
2000000	3699.86712484
