1000	104.491435668
2000	159.175900575
3000	214.7321011
4000	271.975036533
5000	328.596335228
6000	383.873495715
7000	439.216762261
8000	493.634827899
9000	551.092688976
10000	606.020871193
11000	661.823898343
12000	716.904709984
13000	773.248662982
14000	827.800441546
15000	883.677241166
16000	939.521660958
17000	993.824089141
18000	1049.68165375
19000	1107.17353306
20000	1163.39988868
21000	1220.74116487
22000	1277.3737263
23000	1330.42168966
24000	1382.85756582
25000	1438.42472761
26000	1494.65632201
27000	1547.64484218
28000	1602.57005967
29000	1657.25753849
30000	1716.27503107
31000	1773.59230436
32000	1825.11432162
33000	1878.68538215
34000	1931.8564145
35000	1985.12307819
36000	2037.59123071
37000	2094.38769491
38000	2148.07737207
39000	2201.82260917
40000	2252.89804944
41000	2298.43763896
42000	2339.65315479
43000	2378.44910221
44000	2419.99008633
45000	2461.36527798
46000	2501.71993247
47000	2541.56097303
48000	2582.13399013
49000	2622.95490464
50000	2662.85544737
51000	2702.92286784
52000	2744.43888083
53000	2780.4263987
54000	2816.465142
55000	2853.23850128
56000	2883.96814276
57000	2911.9745674
58000	2935.64769092
59000	2955.32555768
60000	2974.3388237
61000	2990.06185672
62000	3002.70622606
63000	3015.02942715
64000	3023.85190905
65000	3031.39651014
66000	3035.59562135
67000	3040.77382614
68000	3043.73024738
69000	3046.18706929
70000	3047.65120525
71000	3048.75990713
72000	3049.81598256
73000	3050.38091864
74000	3050.75714721
75000	3050.97922212
76000	3051.49421629
77000	3051.95323436
78000	3052.3974522
79000	3052.8802528
80000	3053.34620165
81000	3053.92946075
82000	3054.23702121
83000	3054.67561824
84000	3055.20569596
85000	3055.74893683
86000	3056.35766104
87000	3056.69704888
88000	3057.07533567
89000	3057.47466013
90000	3057.8287875
91000	3058.22456008
92000	3058.3456384
93000	3058.73099438
94000	3059.09583674
95000	3059.5080625
96000	3059.81908671
97000	3060.31626855
98000	3060.96190106
99000	3061.25983381
100000	3061.79592866
101000	3062.1904187
102000	3062.49791609
103000	3062.89696885
104000	3063.35859907
105000	3063.69591897
106000	3064.06251883
107000	3064.34802182
108000	3064.60073657
109000	3064.85533476
110000	3065.24301554
111000	3065.81940979
112000	3065.94394997
113000	3066.35525033
114000	3066.84951333
115000	3067.19426922
116000	3067.60229001
117000	3068.16573359
118000	3068.46528619
119000	3068.79790027
120000	3069.34439328
121000	3069.6592261
122000	3070.06139716
123000	3070.38530563
124000	3070.77119707
125000	3071.2408572
126000	3071.70006634
127000	3072.05605776
128000	3072.63489323
129000	3072.96073514
130000	3073.40540607
131000	3073.83828081
132000	3073.99802373
133000	3074.47276056
134000	3074.77029425
135000	3074.99714584
136000	3075.39822107
137000	3075.66845697
138000	3076.05886311
139000	3076.57328683
140000	3077.0417466
141000	3077.61820732
142000	3078.00847701
143000	3078.70480298
144000	3079.23535795
145000	3079.6032452
146000	3079.84710424
147000	3080.30014535
148000	3080.63219353
149000	3081.13908795
150000	3081.46424778
151000	3082.08902632
152000	3082.77336676
153000	3083.31398777
154000	3083.60436335
155000	3084.02890264
156000	3084.21253367
157000	3084.62177472
158000	3085.21102861
159000	3085.64120243
160000	3086.12191645
161000	3086.25500643
162000	3086.73824528
163000	3087.07234801
164000	3087.47351859
165000	3087.82058557
166000	3088.11520986
167000	3088.39688614
168000	3088.88500646
169000	3089.22577095
170000	3089.69704444
171000	3090.12650626
172000	3090.61191573
173000	3091.09797815
174000	3091.66797153
175000	3092.10387092
176000	3092.44127793
177000	3092.91268479
178000	3093.47985049
179000	3093.95134038
180000	3094.16770251
181000	3094.43745725
182000	3094.89504431
183000	3095.30484201
184000	3095.69911896
185000	3096.01156607
186000	3096.6576429
187000	3096.9928058
188000	3097.55605806
189000	3098.07569323
190000	3098.33825339
191000	3098.47769595
192000	3098.80384891
193000	3099.1908346
194000	3099.64362872
195000	3100.11696207
196000	3100.50542186
197000	3100.94715327
198000	3101.15727565
199000	3101.76912612
200000	3102.10865905
201000	3102.45045214
202000	3102.90339756
203000	3103.40306685
204000	3103.82452748
205000	3104.37299156
206000	3105.00494816
207000	3105.37532561
208000	3105.7411195
209000	3106.03028956
210000	3106.47384662
211000	3106.84839109
212000	3107.2057569
213000	3107.72665729
214000	3108.1402404
215000	3108.5478464
216000	3108.85751517
217000	3109.51849709
218000	3109.80101268
219000	3110.24820672
220000	3110.7844617
221000	3111.14655888
222000	3111.55058173
223000	3111.7996243
224000	3112.15237506
225000	3112.49615027
226000	3113.26753105
227000	3113.79236109
228000	3114.15584802
229000	3114.44257922
230000	3114.80078486
231000	3115.21029329
232000	3115.84146236
233000	3115.99162723
234000	3116.46261189
235000	3116.90907969
236000	3117.3019091
237000	3117.71148243
238000	3117.94777943
239000	3118.23988029
240000	3118.71310893
241000	3119.3191915
242000	3119.83108575
243000	3120.19665353
244000	3120.63069273
245000	3120.94854886
246000	3121.15537112
247000	3121.7310272
248000	3122.28217972
249000	3122.91109667
250000	3123.1787975
251000	3123.62286362
252000	3123.7158615
253000	3124.11856553
254000	3124.47107099
255000	3125.00747711
256000	3125.34318034
257000	3125.72738174
258000	3126.15287403
259000	3126.59251633
260000	3127.01833144
261000	3127.22807525
262000	3127.73114081
263000	3128.07997052
264000	3128.36835742
265000	3128.61942872
266000	3129.18181318
267000	3129.62824316
268000	3130.1187022
269000	3130.59682758
270000	3130.89309963
271000	3131.28353024
272000	3131.98744726
273000	3132.2974594
274000	3132.61666752
275000	3132.75673813
276000	3133.11757587
277000	3133.37686114
278000	3133.78831193
279000	3134.11134603
280000	3134.56306016
281000	3134.85991215
282000	3135.4457975
283000	3135.52861389
284000	3136.19309655
285000	3136.63444183
286000	3136.86777836
287000	3137.36137466
288000	3137.71404417
289000	3137.88017421
290000	3138.26620323
291000	3138.66699191
292000	3138.95896864
293000	3139.31560648
294000	3139.69018596
295000	3140.51436729
296000	3141.02047267
297000	3141.24884651
298000	3141.59467027
299000	3142.16712405
300000	3142.54936105
301000	3142.92079397
302000	3143.36557131
303000	3143.63693625
304000	3143.97757443
305000	3144.46440136
306000	3144.78943125
307000	3144.98537858
308000	3145.38909021
309000	3145.85145745
310000	3146.31631427
311000	3146.88216893
312000	3147.16134209
313000	3147.47385351
314000	3147.97164131
315000	3148.42468129
316000	3148.74040724
317000	3149.16154905
318000	3149.6004869
319000	3150.02278154
320000	3150.54024169
321000	3150.89823941
322000	3151.44054372
323000	3152.04242771
324000	3152.21642176
325000	3152.69064381
326000	3153.01909189
327000	3153.12651632
328000	3153.69759957
329000	3154.02178056
330000	3154.59472992
331000	3154.84818238
332000	3155.20641827
333000	3155.68692151
334000	3155.8334476
335000	3156.25657927
336000	3156.74111131
337000	3156.96700953
338000	3157.22522218
339000	3157.45068916
340000	3157.8001768
341000	3158.18396216
342000	3158.48165668
343000	3158.93168094
344000	3159.42069274
345000	3160.01280731
346000	3160.13354811
347000	3160.67478745
348000	3161.02014948
349000	3161.32289528
350000	3161.58789067
351000	3161.89463333
352000	3162.17401463
353000	3162.64550711
354000	3162.76106089
355000	3163.36291234
356000	3164.00250243
357000	3164.37578008
358000	3164.90428846
359000	3165.40534447
360000	3165.59469715
361000	3165.90346033
362000	3166.50840888
363000	3166.84063337
364000	3167.22840116
365000	3167.59634501
366000	3167.92450748
367000	3168.20064259
368000	3168.69253241
369000	3169.22945346
370000	3169.60828707
371000	3169.94121269
372000	3170.3126688
373000	3170.6375092
374000	3171.13698522
375000	3171.64172005
376000	3171.950584
377000	3172.40893745
378000	3172.79492636
379000	3173.06689563
380000	3173.50768658
381000	3173.81152007
382000	3174.28324244
383000	3174.62329026
384000	3175.02168893
385000	3175.35870668
386000	3175.66322688
387000	3176.11469167
388000	3176.53995259
389000	3177.14731122
390000	3177.69812124
391000	3177.8667382
392000	3178.13504416
393000	3178.43890851
394000	3178.85078565
395000	3179.12318011
396000	3179.7091658
397000	3180.07216827
398000	3180.43879596
399000	3180.59880361
400000	3180.98197586
401000	3181.27090643
402000	3181.59389973
403000	3182.05396119
404000	3182.51702053
405000	3182.5652942
406000	3182.9999475
407000	3183.55559429
408000	3183.90649364
409000	3184.24660465
410000	3184.59089278
411000	3184.6931735
412000	3185.05595102
413000	3185.53751292
414000	3185.93994733
415000	3186.25158484
416000	3186.5127943
417000	3186.74323323
418000	3187.15833198
419000	3187.57275127
420000	3187.88345615
421000	3188.52148907
422000	3188.94514185
423000	3189.20791593
424000	3189.63460899
425000	3189.94848288
426000	3190.35335278
427000	3190.69134658
428000	3190.9741207
429000	3191.55047345
430000	3192.12699735
431000	3192.41923171
432000	3192.90824469
433000	3193.09006515
434000	3193.6029041
435000	3193.96897825
436000	3194.51451906
437000	3194.75393485
438000	3195.07959265
439000	3195.48456877
440000	3195.76372112
441000	3196.18476111
442000	3196.61358036
443000	3196.99673682
444000	3197.35573394
445000	3197.84661027
446000	3198.23460792
447000	3198.49844326
448000	3198.69551476
449000	3199.10254393
450000	3199.62933334
451000	3200.08492227
452000	3200.41071816
453000	3200.61346447
454000	3200.99104318
455000	3201.19830065
456000	3201.79558376
457000	3202.27829384
458000	3202.70283465
459000	3203.03695096
460000	3203.51872346
461000	3203.95568923
462000	3204.31944817
463000	3204.79022593
464000	3205.29461146
465000	3205.62838377
466000	3206.32201949
467000	3206.80363592
468000	3207.14717971
469000	3207.60192839
470000	3207.93983772
471000	3208.49411466
472000	3208.72490761
473000	3209.16203756
474000	3209.53026876
475000	3209.88047883
476000	3210.19784942
477000	3210.57532542
478000	3211.10721996
479000	3211.68273078
480000	3212.08649013
481000	3212.59722494
482000	3212.71829478
483000	3213.24739118
484000	3213.62207397
485000	3213.91014433
486000	3214.15457225
487000	3214.39624466
488000	3214.7036411
489000	3215.01497823
490000	3215.14865203
491000	3215.53283019
492000	3215.80922181
493000	3216.34153652
494000	3216.61731838
495000	3217.03354317
496000	3217.43916111
497000	3217.67621265
498000	3218.07034704
499000	3218.50553156
500000	3219.00888188
501000	3219.26551714
502000	3219.47392782
503000	3219.61803069
504000	3220.05434385
505000	3220.58728577
506000	3221.25030004
507000	3221.70639783
508000	3222.42873356
509000	3223.1766578
510000	3223.54135127
511000	3224.24841874
512000	3224.49438255
513000	3224.71325526
514000	3225.1152316
515000	3225.45567511
516000	3226.0441237
517000	3226.46141453
518000	3226.84926937
519000	3227.28950251
520000	3227.70270542
521000	3228.07109519
522000	3228.38885101
523000	3229.14062154
524000	3229.79344613
525000	3230.28809887
526000	3230.66848488
527000	3230.98847667
528000	3231.29842788
529000	3231.64509413
530000	3232.06645406
531000	3232.27693339
532000	3232.92613219
533000	3233.51193638
534000	3233.69373298
535000	3234.03646288
536000	3234.57181839
537000	3234.76792181
538000	3235.15342481
539000	3235.50624562
540000	3235.99102203
541000	3236.50466266
542000	3236.99175204
543000	3237.39138714
544000	3237.84286304
545000	3238.47207592
546000	3238.80048083
547000	3239.46451396
548000	3240.03958927
549000	3240.19606792
550000	3240.66533341
551000	3241.20187608
552000	3241.64620138
553000	3241.92471245
554000	3242.51387871
555000	3242.77969536
556000	3243.14244768
557000	3243.46006038
558000	3243.92955733
559000	3244.17285411
560000	3244.5945667
561000	3244.84744946
562000	3245.23196406
563000	3245.64309574
564000	3245.96409711
565000	3246.23868473
566000	3246.5053493
567000	3246.75851027
568000	3247.22014162
569000	3247.57219754
570000	3247.73770674
571000	3248.08120364
572000	3248.44369676
573000	3248.75974135
574000	3249.18757896
575000	3249.22692567
576000	3249.63070184
577000	3250.00369969
578000	3250.25205284
579000	3250.83951718
580000	3251.2137469
581000	3251.47246142
582000	3251.92176232
583000	3252.13088853
584000	3252.39676859
585000	3252.9352788
586000	3253.24942454
587000	3253.67310633
588000	3254.09242665
589000	3254.55907185
590000	3254.81365124
591000	3255.34967143
592000	3255.80921289
593000	3256.24647247
594000	3256.6264799
595000	3256.86118845
596000	3257.41285325
597000	3257.78244933
598000	3258.31717522
599000	3258.65935562
600000	3259.11415913
601000	3259.4027879
602000	3259.93108277
603000	3260.46736676
604000	3261.01094879
605000	3261.42064909
606000	3262.00187448
607000	3262.43846189
608000	3263.04238365
609000	3263.38100957
610000	3263.53692235
611000	3263.9697072
612000	3264.49128106
613000	3264.66226402
614000	3264.94170516
615000	3265.31017577
616000	3265.82626642
617000	3266.41618831
618000	3266.53447581
619000	3266.88557046
620000	3267.28648068
621000	3267.53893548
622000	3267.96179515
623000	3268.18107442
624000	3268.61845896
625000	3269.30211597
626000	3269.65120224
627000	3270.0893102
628000	3270.59584816
629000	3271.12428458
630000	3271.49659441
631000	3271.7897728
632000	3272.39346511
633000	3272.82049601
634000	3273.06615368
635000	3273.39887308
636000	3273.78049041
637000	3274.33669922
638000	3274.66855449
639000	3274.82534731
640000	3275.29118779
641000	3275.84731846
642000	3276.11037114
643000	3276.4544433
644000	3276.83938744
645000	3277.43832074
646000	3277.98417068
647000	3278.36861397
648000	3278.59485594
649000	3278.98983619
650000	3279.55515023
651000	3280.13697789
652000	3280.3470411
653000	3280.82853548
654000	3281.52308128
655000	3282.09432577
656000	3282.51521907
657000	3283.15484564
658000	3283.57592292
659000	3283.83031219
660000	3284.46824317
661000	3284.93020899
662000	3285.51574173
663000	3286.13898041
664000	3286.64169202
665000	3286.9489052
666000	3287.3798332
667000	3287.64876491
668000	3288.41731934
669000	3289.09985867
670000	3289.38101026
671000	3289.76594844
672000	3290.39850436
673000	3290.83544667
674000	3291.32718586
675000	3291.49959686
676000	3291.94495438
677000	3292.26596504
678000	3292.42311481
679000	3292.75705005
680000	3293.14681265
681000	3293.55774667
682000	3294.03847668
683000	3294.5356487
684000	3294.87522388
685000	3295.3598088
686000	3295.79945357
687000	3296.30236251
688000	3296.77391048
689000	3297.28041692
690000	3297.74976406
691000	3298.04609032
692000	3298.68108603
693000	3299.21254165
694000	3299.28705248
695000	3299.91551929
696000	3300.26884659
697000	3300.71737366
698000	3301.24548444
699000	3301.68388113
700000	3301.89721268
701000	3302.01331477
702000	3302.47579609
703000	3302.89721792
704000	3303.4257049
705000	3303.7963428
706000	3304.07635489
707000	3304.45725682
708000	3305.02720205
709000	3305.54122809
710000	3305.97453734
711000	3306.41006384
712000	3306.81883554
713000	3307.63695653
714000	3307.951942
715000	3308.32442036
716000	3308.70598536
717000	3309.08415801
718000	3309.35563506
719000	3309.84878649
720000	3310.19078079
721000	3310.61896826
722000	3311.08786016
723000	3311.34859772
724000	3311.62112966
725000	3312.0414218
726000	3312.33293672
727000	3312.64873979
728000	3313.34368437
729000	3313.83223154
730000	3314.27013359
731000	3314.71357247
732000	3315.14418211
733000	3315.38094682
734000	3315.80096047
735000	3316.13094535
736000	3316.60371187
737000	3317.07784547
738000	3317.6777815
739000	3318.02440653
740000	3318.22875404
741000	3318.57468278
742000	3319.05982269
743000	3319.55815791
744000	3320.00982305
745000	3320.34284661
746000	3320.63345046
747000	3321.15904759
748000	3321.66154923
749000	3322.1288063
750000	3322.43401191
751000	3322.91834338
752000	3323.37881407
753000	3323.85714788
754000	3324.15668064
755000	3324.40138429
756000	3324.69757547
757000	3325.14699209
758000	3325.40846263
759000	3326.00432526
760000	3326.30545842
761000	3326.82771736
762000	3327.24286223
763000	3327.7594796
764000	3328.10409986
765000	3328.69647404
766000	3329.13204859
767000	3329.33715999
768000	3329.97655344
769000	3330.42357496
770000	3331.13550819
771000	3331.28792582
772000	3331.68044536
773000	3331.8394575
774000	3332.39509555
775000	3332.90829243
776000	3333.45501901
777000	3333.72858485
778000	3334.15822419
779000	3334.5131532
780000	3334.90288119
781000	3335.25515104
782000	3335.3233425
783000	3335.87149874
784000	3336.36863257
785000	3336.56528193
786000	3336.94721938
787000	3337.29029792
788000	3337.67517828
789000	3338.16375722
790000	3338.53520471
791000	3339.0673983
792000	3339.427872
793000	3339.75685278
794000	3340.22815932
795000	3340.76389363
796000	3341.24940828
797000	3341.7021218
798000	3341.97847651
799000	3342.36530576
800000	3342.85351864
801000	3343.07980979
802000	3343.39578907
803000	3343.82247646
804000	3344.48255608
805000	3344.71033252
806000	3345.15484847
807000	3345.50037018
808000	3345.9952024
809000	3346.18000996
810000	3346.60218756
811000	3346.88613637
812000	3347.26983645
813000	3347.72468134
814000	3348.04712536
815000	3348.3365224
816000	3348.74719811
817000	3349.08072955
818000	3349.44926404
819000	3350.02036894
820000	3350.11785907
821000	3350.43997749
822000	3351.04305273
823000	3351.51409739
824000	3352.06591275
825000	3352.46662836
826000	3352.87806389
827000	3353.12231855
828000	3353.63267881
829000	3353.8931429
830000	3354.33614571
831000	3354.62810583
832000	3354.9114836
833000	3355.10558653
834000	3355.68853196
835000	3355.86423371
836000	3356.29317269
837000	3356.42994221
838000	3357.0045454
839000	3357.45984955
840000	3357.95521454
841000	3358.60969179
842000	3359.04175226
843000	3359.49333105
844000	3359.85235874
845000	3360.37963689
846000	3360.95962498
847000	3361.292567
848000	3361.75034328
849000	3361.91753124
850000	3362.3334499
851000	3362.98615894
852000	3363.27081674
853000	3363.8910368
854000	3364.30373545
855000	3364.76122804
856000	3365.14818356
857000	3365.55719022
858000	3365.90470073
859000	3366.28341156
860000	3366.661341
861000	3366.98475337
862000	3367.41193632
863000	3367.54118973
864000	3367.86748881
865000	3368.42433028
866000	3368.93485298
867000	3369.29093978
868000	3369.65744306
869000	3370.19495112
870000	3370.61258852
871000	3371.10499367
872000	3371.54304875
873000	3371.85073822
874000	3372.3220635
875000	3372.53522482
876000	3372.8232029
877000	3373.02280015
878000	3373.46795009
879000	3373.78981257
880000	3374.16207924
881000	3374.54762822
882000	3375.14677616
883000	3375.69603961
884000	3376.33481087
885000	3376.72424338
886000	3377.08085981
887000	3377.50530817
888000	3377.67404349
889000	3378.18354192
890000	3378.33234201
891000	3378.72761347
892000	3378.94408976
893000	3379.53454524
894000	3380.05359024
895000	3380.32113095
896000	3380.88219267
897000	3381.23003918
898000	3381.46909449
899000	3381.67628714
900000	3382.0122518
901000	3382.39129434
902000	3382.98626806
903000	3383.37399003
904000	3383.67560019
905000	3384.02312995
906000	3384.43865291
907000	3384.8327685
908000	3385.05667876
909000	3385.57895198
910000	3385.93013458
911000	3386.1406839
912000	3386.62276662
913000	3387.03846188
914000	3387.54378203
915000	3388.03824183
916000	3388.2445434
917000	3388.79308353
918000	3389.27137991
919000	3389.39911118
920000	3389.92743334
921000	3390.16152815
922000	3390.46412484
923000	3391.03169065
924000	3391.58509254
925000	3391.94854555
926000	3392.44223156
927000	3392.76639343
928000	3393.13218424
929000	3393.68278354
930000	3394.08034209
931000	3394.17032908
932000	3394.52581278
933000	3395.15207925
934000	3395.50709751
935000	3395.90943399
936000	3396.51501112
937000	3396.91011187
938000	3397.43299825
939000	3397.84853636
940000	3398.23621675
941000	3398.69033655
942000	3399.08450212
943000	3399.59219946
944000	3400.08010445
945000	3400.49099055
946000	3400.82461862
947000	3401.20538533
948000	3401.46449407
949000	3401.87867729
950000	3402.25465371
951000	3402.64976244
952000	3403.05981553
953000	3403.43790782
954000	3403.69008077
955000	3404.01524607
956000	3404.71523154
957000	3405.08587388
958000	3405.57404729
959000	3405.85674926
960000	3406.20492897
961000	3406.41143432
962000	3406.85760964
963000	3407.44163133
964000	3407.97228929
965000	3408.33364685
966000	3408.93571159
967000	3409.44921258
968000	3409.87684731
969000	3410.35138629
970000	3410.91339149
971000	3411.42923638
972000	3412.09724455
973000	3412.51130601
974000	3412.98451775
975000	3413.70669837
976000	3414.05282037
977000	3414.43682613
978000	3415.02253367
979000	3415.26183194
980000	3415.48775039
981000	3415.82359249
982000	3416.08131327
983000	3416.56836452
984000	3416.83804098
985000	3417.21499665
986000	3417.6898477
987000	3418.18267416
988000	3418.3527018
989000	3418.52590425
990000	3418.79688274
991000	3418.86289159
992000	3419.20574671
993000	3419.56008791
994000	3420.07357926
995000	3420.6448214
996000	3421.06790573
997000	3421.39396032
998000	3421.58912713
999000	3422.09420164
1000000	3422.67763004
1001000	3423.11110957
1002000	3423.56606706
1003000	3423.76001085
1004000	3424.32767929
1005000	3424.62350004
1006000	3425.01759999
1007000	3425.46406163
1008000	3425.92091114
1009000	3426.23849108
1010000	3426.85385576
1011000	3427.34811904
1012000	3427.876941
1013000	3428.33616257
1014000	3428.94817707
1015000	3429.31990452
1016000	3429.57025099
1017000	3430.04349173
1018000	3430.60683121
1019000	3431.19202025
1020000	3431.64236335
1021000	3432.11314543
1022000	3432.276912
1023000	3432.75070865
1024000	3433.15044932
1025000	3433.43527835
1026000	3433.87429416
1027000	3434.47222711
1028000	3434.67778749
1029000	3434.89065909
1030000	3435.30799686
1031000	3435.61914041
1032000	3436.12072316
1033000	3436.4525652
1034000	3436.62592829
1035000	3437.25915881
1036000	3437.62355808
1037000	3438.15136654
1038000	3438.74643596
1039000	3439.20696222
1040000	3439.56577855
1041000	3440.01794748
1042000	3440.19858501
1043000	3440.75889182
1044000	3441.14102682
1045000	3441.70295694
1046000	3442.11222482
1047000	3442.29905959
1048000	3442.62428378
1049000	3443.39986038
1050000	3443.71782359
1051000	3443.93779609
1052000	3444.42358436
1053000	3444.98532306
1054000	3445.4984066
1055000	3445.93677152
1056000	3446.38027023
1057000	3446.74705412
1058000	3447.26465489
1059000	3447.61815993
1060000	3447.87812752
1061000	3448.45501767
1062000	3448.99669452
1063000	3449.36650964
1064000	3449.9556679
1065000	3450.35541987
1066000	3450.55573812
1067000	3451.15257792
1068000	3451.56883201
1069000	3451.95859075
1070000	3452.19265966
1071000	3452.61510604
1072000	3452.8878795
1073000	3453.19963046
1074000	3453.53612027
1075000	3454.13801046
1076000	3454.40070155
1077000	3455.06881967
1078000	3455.42178845
1079000	3455.96267679
1080000	3456.43558729
1081000	3457.19577565
1082000	3457.66090041
1083000	3458.04853202
1084000	3458.44009543
1085000	3458.90335988
1086000	3459.24254456
1087000	3459.72709503
1088000	3459.99589714
1089000	3460.24657614
1090000	3460.71666038
1091000	3460.93040418
1092000	3461.35887182
1093000	3461.95706415
1094000	3462.34068781
1095000	3462.93605042
1096000	3463.36973767
1097000	3463.88218076
1098000	3464.5807485
1099000	3464.92173275
1100000	3465.32985419
1101000	3465.85362225
1102000	3466.19516615
1103000	3466.68922473
1104000	3467.35561713
1105000	3467.78301275
1106000	3467.96044393
1107000	3468.41757972
1108000	3468.79049961
1109000	3469.2834611
1110000	3469.6928026
1111000	3470.20450678
1112000	3470.70863265
1113000	3471.09243512
1114000	3471.58824345
1115000	3471.7782551
1116000	3472.08403109
1117000	3472.68566127
1118000	3473.27264957
1119000	3473.67336959
1120000	3474.06891825
1121000	3474.48704013
1122000	3474.99918571
1123000	3475.22406431
1124000	3475.7916925
1125000	3476.2771694
1126000	3477.01356451
1127000	3477.37168584
1128000	3477.725425
1129000	3477.92749685
1130000	3478.31621301
1131000	3478.50281185
1132000	3478.87653478
1133000	3479.21001504
1134000	3479.56364898
1135000	3480.05348402
1136000	3480.28881763
1137000	3480.78569296
1138000	3481.02953363
1139000	3481.40700983
1140000	3481.94576888
1141000	3482.36729655
1142000	3482.78689939
1143000	3483.40021354
1144000	3483.78909065
1145000	3484.16043771
1146000	3484.47396869
1147000	3484.75923275
1148000	3484.9987728
1149000	3485.50842926
1150000	3485.95158802
1151000	3486.2470837
1152000	3486.70465234
1153000	3487.10829205
1154000	3487.6085514
1155000	3487.84412761
1156000	3488.19766045
1157000	3488.50482605
1158000	3489.00793161
1159000	3489.34022784
1160000	3489.55073989
1161000	3489.77233155
1162000	3490.127568
1163000	3490.26864349
1164000	3490.66627486
1165000	3491.12722824
1166000	3491.75783346
1167000	3492.24401419
1168000	3492.79064531
1169000	3493.05056678
1170000	3493.44598932
1171000	3493.82574097
1172000	3494.21315402
1173000	3494.69073782
1174000	3494.9461561
1175000	3495.52924709
1176000	3496.04179681
1177000	3496.26616714
1178000	3496.62987655
1179000	3497.17144227
1180000	3497.72268755
1181000	3498.04932905
1182000	3498.56633098
1183000	3499.19337112
1184000	3499.69597607
1185000	3500.1875333
1186000	3500.53336083
1187000	3500.72757486
1188000	3501.05061492
1189000	3501.33915911
1190000	3501.74714498
1191000	3502.06205434
1192000	3502.51574147
1193000	3502.93500899
1194000	3503.47227596
1195000	3503.79675803
1196000	3504.06940957
1197000	3504.59830887
1198000	3505.08531808
1199000	3505.33703915
1200000	3505.72734592
1201000	3506.09504958
1202000	3506.4497555
1203000	3506.77690684
1204000	3507.38078691
1205000	3507.64852015
1206000	3507.97533886
1207000	3508.40269887
1208000	3509.02103572
1209000	3509.33490815
1210000	3509.83890863
1211000	3510.18960815
1212000	3510.39715755
1213000	3510.80896632
1214000	3511.23591014
1215000	3511.69679499
1216000	3511.86869002
1217000	3512.42778658
1218000	3513.08902092
1219000	3513.43624034
1220000	3513.7632577
1221000	3514.17625153
1222000	3514.65837717
1223000	3515.0427115
1224000	3515.42766
1225000	3515.85242022
1226000	3516.24451337
1227000	3516.61586257
1228000	3516.92764121
1229000	3517.4244725
1230000	3517.86317816
1231000	3518.31827651
1232000	3518.81960494
1233000	3519.12090822
1234000	3519.57102242
1235000	3519.83528355
1236000	3520.22522072
1237000	3520.47789181
1238000	3520.73004773
1239000	3521.2413359
1240000	3521.71688206
1241000	3522.01462814
1242000	3522.16317048
1243000	3522.42754664
1244000	3522.91017154
1245000	3523.25239563
1246000	3523.53967926
1247000	3524.00591554
1248000	3524.61607844
1249000	3524.65128287
1250000	3525.01342262
1251000	3525.43165836
1252000	3525.80628978
1253000	3526.20509509
1254000	3526.69241642
1255000	3527.19857543
1256000	3527.69627721
1257000	3528.02761775
1258000	3528.48226247
1259000	3529.09804182
1260000	3529.86396
1261000	3530.25644524
1262000	3530.55217632
1263000	3530.97391785
1264000	3531.52564216
1265000	3531.76850309
1266000	3532.17314605
1267000	3532.64040254
1268000	3532.78830505
1269000	3533.17856795
1270000	3533.70550553
1271000	3534.04249144
1272000	3534.24370681
1273000	3534.98185143
1274000	3535.6759014
1275000	3536.27203223
1276000	3536.49891532
1277000	3536.79818455
1278000	3537.12706282
1279000	3537.73612082
1280000	3537.96551321
1281000	3538.04195831
1282000	3538.37704124
1283000	3538.98856219
1284000	3539.26970509
1285000	3539.81876903
1286000	3540.43306065
1287000	3540.83308002
1288000	3541.2401286
1289000	3541.72633577
1290000	3542.1124616
1291000	3542.38215579
1292000	3542.46320016
1293000	3542.9178311
1294000	3543.44178132
1295000	3543.77569618
1296000	3544.07631111
1297000	3544.56238627
1298000	3544.90836853
1299000	3545.54662276
1300000	3545.85598274
1301000	3546.5416608
1302000	3546.90330069
1303000	3547.38897047
1304000	3547.7946246
1305000	3548.08192158
1306000	3548.51533372
1307000	3549.12445218
1308000	3549.49300708
1309000	3549.93009529
1310000	3550.32687507
1311000	3550.69927135
1312000	3551.27246481
1313000	3551.67105099
1314000	3552.02644059
1315000	3552.34559631
1316000	3552.57076962
1317000	3553.2289682
1318000	3553.78964617
1319000	3554.33307959
1320000	3554.70764609
1321000	3555.10667598
1322000	3555.47195771
1323000	3555.96887446
1324000	3556.36120322
1325000	3556.68804864
1326000	3557.05297078
1327000	3557.68107559
1328000	3558.24959778
1329000	3558.85170923
1330000	3559.38304647
1331000	3559.92559703
1332000	3560.34520871
1333000	3560.63476588
1334000	3561.03610852
1335000	3561.62681018
1336000	3562.15845607
1337000	3562.52316073
1338000	3562.84522857
1339000	3563.41277423
1340000	3563.58897973
1341000	3564.12767902
1342000	3564.47134749
1343000	3564.88166902
1344000	3565.21129501
1345000	3565.67183364
1346000	3566.0998509
1347000	3566.45873683
1348000	3566.96920346
1349000	3567.19233464
1350000	3567.43063585
1351000	3567.86608128
1352000	3568.50272239
1353000	3568.82089538
1354000	3569.21102833
1355000	3569.82698071
1356000	3570.11118168
1357000	3570.48302766
1358000	3571.05355596
1359000	3571.39480956
1360000	3572.08086456
1361000	3572.60190669
1362000	3573.06979455
1363000	3573.55826607
1364000	3574.05001846
1365000	3574.41965888
1366000	3574.73626963
1367000	3575.08674433
1368000	3575.64064014
1369000	3576.22106418
1370000	3576.56409518
1371000	3577.13114935
1372000	3577.57752899
1373000	3577.90032792
1374000	3578.47922238
1375000	3578.76884828
1376000	3579.59613619
1377000	3580.07439813
1378000	3580.45101133
1379000	3580.83476177
1380000	3581.49306758
1381000	3581.81154671
1382000	3582.06726256
1383000	3582.6512868
1384000	3583.08373178
1385000	3583.51700762
1386000	3584.1785457
1387000	3584.51010006
1388000	3584.87804232
1389000	3585.44973398
1390000	3585.77911039
1391000	3586.14263469
1392000	3586.68554237
1393000	3587.36459629
1394000	3587.62614517
1395000	3588.04347422
1396000	3588.62574164
1397000	3589.16649903
1398000	3589.78029462
1399000	3590.10836151
1400000	3590.58824047
1401000	3591.11468136
1402000	3591.58445815
1403000	3591.89907647
1404000	3592.31714617
1405000	3592.72221347
1406000	3593.19684177
1407000	3593.73907148
1408000	3594.12647131
1409000	3594.39063691
1410000	3594.61605997
1411000	3594.80932837
1412000	3595.1943678
1413000	3595.57177514
1414000	3595.96285576
1415000	3596.31041371
1416000	3596.72677862
1417000	3597.14272184
1418000	3597.51442575
1419000	3597.7702968
1420000	3598.23216155
1421000	3598.78651036
1422000	3599.25761646
1423000	3599.59257395
1424000	3600.03790637
1425000	3600.44118686
1426000	3600.80508053
1427000	3601.42420533
1428000	3601.88700871
1429000	3602.39531551
1430000	3602.7972056
1431000	3603.09210772
1432000	3603.55474427
1433000	3603.95005134
1434000	3604.44852984
1435000	3605.03427627
1436000	3605.33835314
1437000	3605.64251869
1438000	3606.0730747
1439000	3606.44838237
1440000	3606.81219781
1441000	3607.10473745
1442000	3607.34702415
1443000	3607.63908808
1444000	3608.06357892
1445000	3608.4245072
1446000	3608.94128232
1447000	3609.44158137
1448000	3609.93467288
1449000	3610.29186225
1450000	3610.62450894
1451000	3610.97662075
1452000	3611.58991714
1453000	3611.93315696
1454000	3612.41718334
1455000	3612.55040005
1456000	3613.20083828
1457000	3613.67649734
1458000	3614.04210612
1459000	3614.66189551
1460000	3615.29087054
1461000	3615.79791418
1462000	3616.19478037
1463000	3616.51266969
1464000	3616.89981965
1465000	3617.13232932
1466000	3617.27372309
1467000	3617.80529566
1468000	3617.99227772
1469000	3618.2721981
1470000	3618.6284642
1471000	3618.75493846
1472000	3619.29769837
1473000	3619.64417399
1474000	3619.94706015
1475000	3620.21645536
1476000	3620.69691795
1477000	3621.03282486
1478000	3621.30021336
1479000	3621.636407
1480000	3622.06551004
1481000	3622.3309103
1482000	3622.70089575
1483000	3622.92528527
1484000	3623.56930627
1485000	3624.00136644
1486000	3624.25767692
1487000	3624.24085605
1488000	3624.55749246
1489000	3624.78381709
1490000	3625.32583756
1491000	3625.80026399
1492000	3625.92217919
1493000	3626.39332197
1494000	3626.85549643
1495000	3626.98581837
1496000	3627.41889675
1497000	3627.79394767
1498000	3628.02343532
1499000	3628.58666197
1500000	3629.12035846
1501000	3629.67894971
1502000	3630.26613598
1503000	3630.55225461
1504000	3630.96076845
1505000	3631.48017431
1506000	3631.95482756
1507000	3632.46683833
1508000	3632.84416352
1509000	3633.36819018
1510000	3633.63881585
1511000	3634.11416949
1512000	3634.5547013
1513000	3635.0622243
1514000	3635.29710464
1515000	3635.60136972
1516000	3636.20224864
1517000	3636.6533953
1518000	3637.02971736
1519000	3637.46336176
1520000	3637.69542232
1521000	3638.32711279
1522000	3638.6712017
1523000	3639.07398782
1524000	3639.39683206
1525000	3639.65104005
1526000	3640.17135739
1527000	3640.39250242
1528000	3640.57959689
1529000	3640.95283509
1530000	3641.31726091
1531000	3641.55820024
1532000	3641.73014807
1533000	3642.11097604
1534000	3642.81559057
1535000	3643.09305081
1536000	3643.6508499
1537000	3644.2305002
1538000	3644.82422286
1539000	3645.27383548
1540000	3645.61206489
1541000	3646.11677989
1542000	3646.281256
1543000	3646.54075101
1544000	3646.82112162
1545000	3647.00160044
1546000	3647.32343063
1547000	3647.44463441
1548000	3647.9096294
1549000	3648.16189118
1550000	3648.33833273
1551000	3648.67073528
1552000	3648.9278518
1553000	3649.28402437
1554000	3649.5976178
1555000	3649.76922981
1556000	3650.15005564
1557000	3650.63458173
1558000	3651.19198626
1559000	3651.47740571
1560000	3651.84853367
1561000	3652.55516551
1562000	3652.98529964
1563000	3653.40755734
1564000	3654.02973719
1565000	3654.3334358
1566000	3654.87377501
1567000	3655.26808293
1568000	3655.37655224
1569000	3655.49083603
1570000	3655.86913412
1571000	3656.16197301
1572000	3656.79004053
1573000	3656.96524453
1574000	3657.40221556
1575000	3658.08790955
1576000	3658.49662211
1577000	3658.67489238
1578000	3658.96581604
1579000	3659.26665335
1580000	3659.98296599
1581000	3660.01262277
1582000	3660.54231269
1583000	3661.07083005
1584000	3661.49241345
1585000	3662.13981095
1586000	3662.52473143
1587000	3662.87099115
1588000	3663.27785489
1589000	3663.8819558
1590000	3664.44481493
1591000	3664.92498916
1592000	3665.45563426
1593000	3665.95634181
1594000	3666.22368478
1595000	3666.45840613
1596000	3666.81051832
1597000	3667.40779083
1598000	3667.87656742
1599000	3668.51466403
1600000	3668.79909397
1601000	3669.12859543
1602000	3669.60255471
1603000	3670.18015004
1604000	3670.62248701
1605000	3671.00871081
1606000	3671.21374958
1607000	3671.73970474
1608000	3672.18203588
1609000	3672.65641571
1610000	3673.0716004
1611000	3673.2083006
1612000	3673.66569898
1613000	3673.98244234
1614000	3674.58310752
1615000	3674.87831878
1616000	3675.49213853
1617000	3676.12641694
1618000	3676.52426906
1619000	3676.87673178
1620000	3677.22755735
1621000	3677.63222952
1622000	3678.096076
1623000	3678.47391264
1624000	3678.67379157
1625000	3679.01362765
1626000	3679.43266459
1627000	3680.06151064
1628000	3680.44059992
1629000	3680.63090673
1630000	3681.11135946
1631000	3681.43382185
1632000	3681.78986039
1633000	3682.19181827
1634000	3682.84917471
1635000	3683.13042556
1636000	3683.47200579
1637000	3683.96335811
1638000	3684.2920801
1639000	3684.97997052
1640000	3685.45065497
1641000	3685.66420512
1642000	3686.03627946
1643000	3686.29968366
1644000	3686.39222496
1645000	3686.91471719
1646000	3687.29286696
1647000	3687.71526982
1648000	3688.19253857
1649000	3688.65262944
1650000	3689.05531281
1651000	3689.34218283
1652000	3690.04066204
1653000	3690.48856777
1654000	3690.74556472
1655000	3691.22669451
1656000	3691.63915745
1657000	3692.21159392
1658000	3692.66118316
1659000	3693.20694091
1660000	3693.62490287
1661000	3693.90231443
1662000	3694.13912183
1663000	3694.40027883
1664000	3694.91142011
1665000	3695.21295348
1666000	3695.51399236
1667000	3695.99804199
1668000	3696.4171742
1669000	3696.58817207
1670000	3697.00899973
1671000	3697.34520832
1672000	3697.7803108
1673000	3698.31523227
1674000	3698.75423965
1675000	3699.30152377
1676000	3699.81112947
1677000	3700.34532175
1678000	3700.90114468
1679000	3701.1935914
1680000	3701.66233795
1681000	3701.83485594
1682000	3702.13290626
1683000	3702.59746146
1684000	3703.11980115
1685000	3703.69527388
1686000	3703.84462637
1687000	3704.36795213
1688000	3704.91412862
1689000	3705.17996106
1690000	3705.75006505
1691000	3706.06012418
1692000	3706.4716461
1693000	3707.13161744
1694000	3707.45320253
1695000	3708.02905727
1696000	3708.21615058
1697000	3708.662488
1698000	3708.86987312
1699000	3709.38406278
1700000	3709.60652027
1701000	3710.04193733
1702000	3710.26394662
1703000	3710.52741961
1704000	3711.0660137
1705000	3711.49483802
1706000	3711.79177568
1707000	3711.99997519
1708000	3712.29153766
1709000	3712.68190923
1710000	3713.12349954
1711000	3713.71729311
1712000	3713.89624743
1713000	3714.12684635
1714000	3714.57599875
1715000	3715.09362034
1716000	3715.19672345
1717000	3715.46204494
1718000	3716.24074106
1719000	3716.67262541
1720000	3717.0380977
1721000	3717.42168305
1722000	3717.76511071
1723000	3718.05302778
1724000	3718.55547672
1725000	3718.80276153
1726000	3719.2571688
1727000	3719.91062003
1728000	3720.33146218
1729000	3720.68643912
1730000	3721.08348538
1731000	3721.46221846
1732000	3721.91970764
1733000	3722.3063462
1734000	3722.75413717
1735000	3723.20044979
1736000	3723.61637302
1737000	3723.91989936
1738000	3724.18282818
1739000	3724.54835307
1740000	3724.86766839
1741000	3725.36044245
1742000	3725.70786304
1743000	3725.97354401
1744000	3726.40129131
1745000	3726.78804168
1746000	3727.25484931
1747000	3727.54189055
1748000	3727.81363802
1749000	3728.42134018
1750000	3729.00895134
1751000	3729.48836156
1752000	3729.84375087
1753000	3730.10881749
1754000	3730.6638262
1755000	3731.01757356
1756000	3731.33811967
1757000	3731.73732098
1758000	3732.29526451
1759000	3732.5770985
1760000	3733.0654606
1761000	3733.68284674
1762000	3734.09615038
1763000	3734.40903253
1764000	3734.90914323
1765000	3735.55743963
1766000	3735.92593884
1767000	3736.3577333
1768000	3736.52453819
1769000	3736.906129
1770000	3737.4295904
1771000	3737.7972935
1772000	3738.02169988
1773000	3738.34357975
1774000	3738.98089972
1775000	3739.39656649
1776000	3739.74643991
1777000	3740.2133599
1778000	3740.47605308
1779000	3740.83379315
1780000	3741.38023692
1781000	3741.91668047
1782000	3742.22220939
1783000	3742.90480264
1784000	3743.33974761
1785000	3743.86665689
1786000	3744.05048718
1787000	3744.54825246
1788000	3745.11964643
1789000	3745.59047271
1790000	3746.06780074
1791000	3746.6100947
1792000	3747.27227297
1793000	3747.51899801
1794000	3747.89880057
1795000	3748.16619879
1796000	3748.4868623
1797000	3749.06000744
1798000	3749.58609111
1799000	3750.19170268
1800000	3750.54610352
1801000	3750.98042436
1802000	3751.46818145
1803000	3751.88022992
1804000	3752.49196353
1805000	3752.84735802
1806000	3753.15308151
1807000	3753.55885298
1808000	3753.90079607
1809000	3754.30853779
1810000	3754.83685932
1811000	3755.21987221
1812000	3755.40028743
1813000	3755.74459665
1814000	3756.18343717
1815000	3756.47486328
1816000	3757.07887584
1817000	3757.45337079
1818000	3757.74609481
1819000	3758.14059826
1820000	3758.63642057
1821000	3759.1679125
1822000	3759.38641364
1823000	3759.73168801
1824000	3759.91836665
1825000	3760.21038821
1826000	3760.83326356
1827000	3761.25457805
1828000	3761.5765335
1829000	3761.84784437
1830000	3762.36744138
1831000	3762.96139564
1832000	3763.62612659
1833000	3764.08084249
1834000	3764.37255575
1835000	3764.92365188
1836000	3765.51889235
1837000	3765.82809063
1838000	3766.16491421
1839000	3766.30461994
1840000	3766.93405578
1841000	3767.34722319
1842000	3767.74977988
1843000	3768.20905266
1844000	3768.7473327
1845000	3769.10363004
1846000	3769.53719982
1847000	3770.17722344
1848000	3770.62994688
1849000	3771.02222729
1850000	3771.61177438
1851000	3771.82612228
1852000	3772.32649452
1853000	3772.38683299
1854000	3772.75307265
1855000	3772.88065914
1856000	3773.39518224
1857000	3773.67125472
1858000	3774.15361283
1859000	3774.53309372
1860000	3774.79468685
1861000	3775.20742577
1862000	3775.68987939
1863000	3776.09342981
1864000	3776.55571319
1865000	3777.02762696
1866000	3777.31417147
1867000	3777.80001501
1868000	3778.31330839
1869000	3778.82508701
1870000	3779.31021519
1871000	3779.7099699
1872000	3779.8700344
1873000	3780.33655857
1874000	3781.08290876
1875000	3781.51348057
1876000	3782.06534074
1877000	3782.54829933
1878000	3782.96679143
1879000	3783.43724463
1880000	3783.76443551
1881000	3784.16312793
1882000	3784.47088125
1883000	3785.02588323
1884000	3785.23209231
1885000	3785.7237598
1886000	3786.06568
1887000	3786.61377986
1888000	3786.95441846
1889000	3787.34016491
1890000	3787.85544228
1891000	3788.07715358
1892000	3788.64824438
1893000	3789.27428786
1894000	3789.71808067
1895000	3789.98988487
1896000	3790.64169792
1897000	3791.09867271
1898000	3791.60389439
1899000	3791.86818273
1900000	3792.36222415
1901000	3792.72744011
1902000	3793.08255363
1903000	3793.47577109
1904000	3793.60776484
1905000	3794.10758307
1906000	3794.56721523
1907000	3795.04668868
1908000	3795.66138257
1909000	3795.83565402
1910000	3796.35868235
1911000	3796.93327171
1912000	3797.45632836
1913000	3797.97242658
1914000	3798.3043398
1915000	3798.66123853
1916000	3799.13790146
1917000	3799.35431181
1918000	3799.95369996
1919000	3800.27587739
1920000	3800.62021416
1921000	3801.10281064
1922000	3801.50966312
1923000	3801.73666945
1924000	3802.09667441
1925000	3802.6435517
1926000	3803.14061761
1927000	3803.93500756
1928000	3804.27779564
1929000	3804.81620707
1930000	3805.26583456
1931000	3805.86270636
1932000	3806.24620992
1933000	3806.7316809
1934000	3806.98266204
1935000	3807.06612039
1936000	3807.55043746
1937000	3808.01847421
1938000	3808.33174535
1939000	3808.75242743
1940000	3809.21462045
1941000	3809.7875318
1942000	3810.22393879
1943000	3810.59804848
1944000	3810.96727215
1945000	3811.5331184
1946000	3811.79278509
1947000	3812.07438835
1948000	3812.28655475
1949000	3812.83524861
1950000	3813.41061387
1951000	3813.82077156
1952000	3814.09250958
1953000	3814.54041462
1954000	3814.76367689
1955000	3815.45050906
1956000	3815.92923028
1957000	3816.09452918
1958000	3816.41654286
1959000	3816.8229952
1960000	3817.26554619
1961000	3817.81148008
1962000	3818.3736757
1963000	3818.4890458
1964000	3818.73723295
1965000	3819.08222543
1966000	3819.53836949
1967000	3819.86444716
1968000	3820.12152017
1969000	3820.42855082
1970000	3820.86967145
1971000	3821.33959547
1972000	3821.40890152
1973000	3821.80813119
1974000	3822.40121687
1975000	3822.79515782
1976000	3822.94619489
1977000	3823.47925089
1978000	3824.25351573
1979000	3824.4369284
1980000	3824.55840413
1981000	3824.62884668
1982000	3825.19552345
1983000	3825.71547767
1984000	3826.26382851
1985000	3826.45264523
1986000	3826.87965779
1987000	3827.4624069
1988000	3827.83067357
1989000	3828.17980774
1990000	3828.55174781
1991000	3828.74127448
1992000	3829.16885443
1993000	3829.44618501
1994000	3829.91302527
1995000	3830.14773257
1996000	3830.42985938
1997000	3830.89556588
1998000	3831.18988011
1999000	1604.31307635
2000000	1615.98027349
