1000	134.851405337
2000	223.62495235
3000	314.851470431
4000	405.300353918
5000	495.333225958
6000	585.854403127
7000	681.589773648
8000	772.241113875
9000	862.404374709
10000	949.886380363
11000	1040.9583367
12000	1131.0515897
13000	1221.19828508
14000	1312.92750448
15000	1403.07778098
16000	1491.45886834
17000	1581.12253133
18000	1670.24148079
19000	1759.35884129
20000	1849.9601158
21000	1940.06550445
22000	2028.99312378
23000	2118.36173163
24000	2208.36620951
25000	2299.85971004
26000	2390.64850816
27000	2480.29782052
28000	2570.1638124
29000	2659.17997831
30000	2750.05217311
31000	2840.47393543
32000	2930.69980008
33000	3019.96055926
34000	3110.20447078
35000	3195.44691639
36000	3266.83849643
37000	3308.26388445
38000	3348.9107761
39000	3391.1229093
40000	3432.25380282
41000	3471.07075449
42000	3512.17210954
43000	3553.12021907
44000	3590.62167568
45000	3629.26217041
46000	3668.90643258
47000	3707.98654372
48000	3747.51185929
49000	3787.11651853
50000	3827.07715743
51000	3867.72638435
52000	3908.88936061
53000	3948.56367595
54000	3989.49861404
55000	4031.59532751
56000	4073.15051797
57000	4112.90652283
58000	4152.70714578
59000	4192.07951607
60000	4233.81235153
61000	4274.21161815
62000	4312.36136522
63000	4353.86086795
64000	4393.28900752
65000	4433.9067665
66000	4474.38585154
67000	4515.91583619
68000	4553.16735025
69000	4593.63368772
70000	4635.0600308
71000	4677.9879369
72000	4718.14842892
73000	4756.71858588
74000	4798.52649559
75000	4837.73957723
76000	4874.00985378
77000	4914.21102619
78000	4952.06495972
79000	4992.92226127
80000	5031.61334134
81000	5071.63710741
82000	5111.84445499
83000	5149.69604587
84000	5189.87112773
85000	5228.19450153
86000	5266.8047976
87000	5307.13613924
88000	5344.25293023
89000	5384.41740339
90000	5425.16290076
91000	5466.53734941
92000	5504.83645581
93000	5543.74611491
94000	5584.82006006
95000	5624.72818288
96000	5665.24931757
97000	5704.36983362
98000	5745.97613617
99000	5789.13137077
100000	5828.66104153
101000	5866.9076139
102000	5906.92473614
103000	5946.73420323
104000	5986.82158009
105000	6026.35240345
106000	6063.72433476
107000	6091.72205782
108000	6109.39461871
109000	6148.44567182
110000	6186.9584613
111000	6224.70501149
112000	6266.76985418
113000	6306.25789107
114000	6344.7719489
115000	6385.01745363
116000	6425.37662791
117000	6463.98419508
118000	6504.07598477
119000	6545.31616012
120000	6584.12073676
121000	6624.78963701
122000	6666.18987622
123000	6707.29350327
124000	6748.49419973
125000	6788.90972823
126000	6830.40792336
127000	6869.95739168
128000	6910.27837899
129000	6953.21656894
130000	6994.69849477
131000	7035.68242751
132000	7075.98312979
133000	7114.3843625
134000	7156.7941102
135000	7197.71220065
136000	7235.32403597
137000	7274.56305585
138000	7315.41678924
139000	7355.94225149
140000	7395.97593595
141000	7434.16722754
142000	7473.28899236
143000	7514.58433986
144000	7552.85268604
145000	7590.55129561
146000	7628.56031179
147000	7668.14128372
148000	7709.74417429
149000	7750.72659884
150000	7792.65911389
151000	7833.66816507
152000	7873.64496637
153000	7914.51865706
154000	7956.22049429
155000	7995.59723995
156000	8036.96446173
157000	8076.55690624
158000	8116.58277685
159000	8154.65106785
160000	8194.29408923
161000	8234.90566104
162000	8275.33658816
163000	8315.38789907
164000	8354.31898948
165000	8395.78605575
166000	8437.01284409
167000	8478.55220057
168000	8516.33991605
169000	8556.11449197
170000	8595.7294636
171000	8636.68390608
172000	8676.27195702
173000	8715.27514646
174000	8755.45756957
175000	8795.53878093
176000	8835.17917778
177000	8875.79591862
178000	8913.08361722
179000	8951.64977773
180000	8992.44831558
181000	9032.79077604
182000	9073.34965207
183000	9115.35624208
184000	9152.72251789
185000	9192.15211667
186000	9231.66153431
187000	9269.46778406
188000	9310.48312987
189000	9350.43973976
190000	9387.46391772
191000	9414.46725514
192000	9431.30780104
193000	9453.79142616
194000	9485.21560121
195000	9522.20504509
196000	9563.36048278
197000	9601.63855083
198000	9643.29989866
199000	9683.16299669
200000	9724.11497013
201000	9764.57173548
202000	9803.32847471
203000	9844.00741756
204000	9885.59727794
205000	9923.85337008
206000	9961.52458634
207000	10001.5017326
208000	10043.9772857
209000	10083.9380257
210000	10122.4024407
211000	10162.0162924
212000	10201.241852
213000	10242.0484794
214000	10278.7972199
215000	10318.2660277
216000	10358.0907025
217000	10397.5896565
218000	10438.7242319
219000	10480.4790324
220000	10521.9153334
221000	10563.2003105
222000	10604.309695
223000	10645.9882542
224000	10687.2369565
225000	10727.2308198
226000	10768.6933723
227000	10808.2269267
228000	10846.8563898
229000	10884.6933333
230000	10926.2543762
231000	10966.0039515
232000	11005.1162613
233000	11044.7498088
234000	11085.2596515
235000	11123.4976724
236000	11163.811621
237000	11202.3791961
238000	11241.8582145
239000	11279.8030462
240000	11320.1492004
241000	11363.7027742
242000	11402.9362628
243000	11442.8871083
244000	11483.1641284
245000	11522.104893
246000	11559.7786677
247000	11599.837144
248000	11639.3956257
249000	11680.4548312
250000	11719.7566855
251000	11761.3659733
252000	11801.4170364
253000	11841.1447683
254000	11873.7732174
255000	11899.6047148
256000	11922.543676
257000	11942.0189017
258000	11956.6865245
259000	11981.3429959
260000	12015.8731896
261000	12056.6742935
262000	12096.4800245
263000	12138.0023814
264000	12179.3261807
265000	12219.1954443
266000	12258.491319
267000	12299.6661618
268000	12339.4356739
269000	12377.8252618
270000	12416.3265916
271000	12458.4299146
272000	12498.8413629
273000	12539.2591329
274000	12580.3254551
275000	12621.9300953
276000	12660.5992565
277000	12701.9911403
278000	12741.1484295
279000	12781.6172982
280000	12820.3256035
281000	12859.1794659
282000	12898.5096263
283000	12939.6899344
284000	12980.1238063
285000	13021.4780093
286000	13063.6830496
287000	13102.37165
288000	13143.5131349
289000	13183.5397467
290000	13222.2482061
291000	13264.5801419
292000	13305.8291136
293000	13344.6876177
294000	13386.1197885
295000	13427.8571953
296000	13471.097861
297000	13510.8422852
298000	13550.5916068
299000	13591.292816
300000	13631.6525113
301000	13674.5064799
302000	13711.0277445
303000	13745.8094628
304000	13780.5888063
305000	13812.0977479
306000	13834.8459952
307000	13844.0958746
308000	13852.2937472
309000	13862.9887737
310000	13884.0989014
311000	13922.9837499
312000	13964.0120148
313000	14005.1801409
314000	14044.212941
315000	14084.1115965
316000	14125.6003851
317000	14165.3195179
318000	14204.2961355
319000	14244.7571564
320000	14284.3131717
321000	14323.6724234
322000	14363.8970068
323000	14402.9141655
324000	14442.9087257
325000	14483.5333512
326000	14523.6189411
327000	14563.3732415
328000	14605.6760295
329000	14645.8321948
330000	14687.1291501
331000	14727.3763913
332000	14768.0112462
333000	14809.6863934
334000	14851.7605346
335000	14891.5194125
336000	14931.5055554
337000	14971.7417566
338000	15012.3170221
339000	15050.4870464
340000	15087.3081186
341000	15124.505588
342000	15161.122358
343000	15197.6801042
344000	15227.2743254
345000	15246.6821487
346000	15249.7656194
347000	15253.1243624
348000	15256.9027323
349000	15260.54291
350000	15273.5429414
351000	15301.5309243
352000	15340.7738411
353000	15381.9249192
354000	15422.5079623
355000	15465.2368804
356000	15505.0902608
357000	15547.3706483
358000	15587.3907475
359000	15626.4933687
360000	15666.4305122
361000	15705.7226492
362000	15742.8504987
363000	15783.7898286
364000	15822.8160023
365000	15861.877388
366000	15903.8089101
367000	15944.1543608
368000	15983.685618
369000	16023.3258357
370000	16063.4233696
371000	16101.8509114
372000	16142.6609421
373000	16181.5087373
374000	16219.9341062
375000	16254.1731715
376000	16279.8842673
377000	16282.5607637
378000	16283.2972897
379000	16284.091592
380000	16284.7984143
381000	16286.0555015
382000	16286.7285419
383000	16287.7367199
384000	16298.9851791
385000	16324.4061225
386000	16365.502041
387000	16405.4652295
388000	16444.6525271
389000	16482.717747
390000	16522.7444217
391000	16562.2072799
392000	16601.9426754
393000	16642.2197785
394000	16679.1286695
395000	16718.7548876
396000	16753.6986254
397000	16775.4422256
398000	16776.1971253
399000	16777.1243674
400000	16777.6562055
401000	16778.3439397
402000	16778.9076861
403000	16779.6710924
404000	16780.2304182
405000	16781.14227
406000	16781.8267559
407000	16782.7434515
408000	16783.8972982
409000	16783.9192166
410000	16783.9192166
411000	16783.9192166
412000	16783.9192166
413000	16783.9192166
414000	16783.9192166
415000	16783.9192166
416000	16783.9192166
417000	16783.9192166
418000	16783.9192166
419000	16783.9192166
420000	16783.9192166
421000	16783.9192166
422000	16783.9192166
423000	16783.9192166
424000	16783.9192166
425000	16783.9192166
426000	16783.9192166
427000	16783.9192166
428000	16783.9192166
429000	16783.9192166
430000	16783.9192166
431000	16783.9192166
432000	16783.9192166
433000	16783.9192166
434000	16783.9192166
435000	16783.9192166
436000	16783.9192166
437000	16783.9192166
438000	16783.9192166
439000	16783.9192166
440000	16783.9192166
441000	16783.9192166
442000	16783.9192166
443000	16783.9192166
444000	16783.9192166
445000	16783.9192166
446000	16783.9192166
447000	16783.9192166
448000	16783.9192166
449000	16783.9192166
450000	16783.9192166
451000	16783.9192166
452000	16783.9192166
453000	16783.9192166
454000	16783.9192166
455000	16783.9192166
456000	16783.9192166
457000	16783.9192166
458000	16783.9192166
459000	16783.9192166
460000	16783.9192166
461000	16783.9192166
462000	16783.9192166
463000	16783.9192166
464000	16783.9192166
465000	16783.9192166
466000	16783.9192166
467000	16783.9192166
468000	16783.9192166
469000	16783.9192166
470000	16783.9192166
471000	16783.9192166
472000	16783.9192166
473000	16783.9192166
474000	16783.9192166
475000	16783.9192166
476000	16783.9192166
477000	16783.9192166
478000	16783.9192166
479000	16783.9192166
480000	16783.9192166
481000	16783.9192166
482000	16783.9192166
483000	16783.9192166
484000	16783.9192166
485000	16783.9192166
486000	16783.9192166
487000	16783.9192166
488000	16783.9192166
489000	16783.9192166
490000	16783.9192166
491000	16783.9192166
492000	16783.9192166
493000	16783.9192166
494000	16783.9192166
495000	16783.9192166
496000	16783.9192166
497000	16783.9192166
498000	16783.9192166
499000	16783.9192166
500000	16783.9192166
501000	16783.9192166
502000	16783.9192166
503000	16783.9192166
504000	16783.9192166
505000	16783.9192166
506000	16783.9192166
507000	16783.9192166
508000	16783.9192166
509000	16783.9192166
510000	16783.9192166
511000	16783.9192166
512000	16783.9192166
513000	16783.9192166
514000	16783.9192166
515000	16783.9192166
516000	16783.9192166
517000	16783.9192166
518000	16783.9192166
519000	16783.9192166
520000	16783.9192166
521000	16783.9192166
522000	16783.9192166
523000	16783.9192166
524000	16783.9192166
525000	16783.9192166
526000	16783.9192166
527000	16783.9192166
528000	16783.9192166
529000	16783.9192166
530000	16783.9192166
531000	16783.9192166
532000	16783.9192166
533000	16783.9192166
534000	16783.9192166
535000	16783.9192166
536000	16783.9192166
537000	16783.9192166
538000	16783.9192166
539000	16783.9192166
540000	16783.9192166
541000	16783.9192166
542000	16783.9192166
543000	16783.9192166
544000	16783.9192166
545000	16783.9192166
546000	16783.9192166
547000	16783.9192166
548000	16783.9192166
549000	16783.9192166
550000	16783.9192166
551000	16783.9192166
552000	16783.9192166
553000	16783.9192166
554000	16783.9192166
555000	16783.9192166
556000	16783.9192166
557000	16783.9192166
558000	16783.9192166
559000	16783.9192166
560000	16783.9192166
561000	16783.9192166
562000	16783.9192166
563000	16783.9192166
564000	16783.9192166
565000	16783.9192166
566000	16783.9192166
567000	16783.9192166
568000	16783.9192166
569000	16783.9192166
570000	16783.9192166
571000	16783.9192166
572000	16783.9192166
573000	16783.9192166
574000	16783.9192166
575000	16783.9192166
576000	16783.9192166
577000	16783.9192166
578000	16783.9192166
579000	16783.9192166
580000	16783.9192166
581000	16783.9192166
582000	16783.9192166
583000	16783.9192166
584000	16783.9192166
585000	16783.9192166
586000	16783.9192166
587000	16783.9192166
588000	16783.9192166
589000	16783.9192166
590000	16783.9192166
591000	16783.9192166
592000	16783.9192166
593000	16783.9192166
594000	16783.9192166
595000	16783.9192166
596000	16783.9192166
597000	16783.9192166
598000	16783.9192166
599000	16783.9192166
600000	16783.9192166
601000	16783.9192166
602000	16783.9192166
603000	16783.9192166
604000	16783.9192166
605000	16783.9192166
606000	16783.9192166
607000	16783.9192166
608000	16783.9192166
609000	16783.9192166
610000	16783.9192166
611000	16783.9192166
612000	16783.9192166
613000	16783.9192166
614000	16783.9192166
615000	16783.9192166
616000	16783.9192166
617000	16783.9192166
618000	16783.9192166
619000	16783.9192166
620000	16783.9192166
621000	16783.9192166
622000	16783.9192166
623000	16783.9192166
624000	16783.9192166
625000	16783.9192166
626000	16783.9192166
627000	16783.9192166
628000	16783.9192166
629000	16783.9192166
630000	16783.9192166
631000	16783.9192166
632000	16783.9192166
633000	16783.9192166
634000	16783.9192166
635000	16783.9192166
636000	16783.9192166
637000	16783.9192166
638000	16783.9192166
639000	16783.9192166
640000	16783.9192166
641000	16783.9192166
642000	16783.9192166
643000	16783.9192166
644000	16783.9192166
645000	16783.9192166
646000	16783.9192166
647000	16783.9192166
648000	16783.9192166
649000	16783.9192166
650000	16783.9192166
651000	16783.9192166
652000	16783.9192166
653000	16783.9192166
654000	16783.9192166
655000	16783.9192166
656000	16783.9192166
657000	16783.9192166
658000	16783.9192166
659000	16783.9192166
660000	16783.9192166
661000	16783.9192166
662000	16783.9192166
663000	16783.9192166
664000	16783.9192166
665000	16783.9192166
666000	16783.9192166
667000	16783.9192166
668000	16783.9192166
669000	16783.9192166
670000	16783.9192166
671000	16783.9192166
672000	16783.9192166
673000	16783.9192166
674000	16783.9192166
675000	16783.9192166
676000	16783.9192166
677000	16783.9192166
678000	16783.9192166
679000	16783.9192166
680000	16783.9192166
681000	16783.9192166
682000	16783.9192166
683000	16783.9192166
684000	16783.9192166
685000	16783.9192166
686000	16783.9192166
687000	16783.9192166
688000	16783.9192166
689000	16783.9192166
690000	16783.9192166
691000	16783.9192166
692000	16783.9192166
693000	16783.9192166
694000	16783.9192166
695000	16783.9192166
696000	16783.9192166
697000	16783.9192166
698000	16783.9192166
699000	16783.9192166
700000	16783.9192166
701000	16783.9192166
702000	16783.9192166
703000	16783.9192166
704000	16783.9192166
705000	16783.9192166
706000	16783.9192166
707000	16783.9192166
708000	16783.9192166
709000	16783.9192166
710000	16783.9192166
711000	16783.9192166
712000	16783.9192166
713000	16783.9192166
714000	16783.9192166
715000	16783.9192166
716000	16783.9192166
717000	16783.9192166
718000	16783.9192166
719000	16783.9192166
720000	16783.9192166
721000	16783.9192166
722000	16783.9192166
723000	16783.9192166
724000	16783.9192166
725000	16783.9192166
726000	16783.9192166
727000	16783.9192166
728000	16783.9192166
729000	16783.9192166
730000	16783.9192166
731000	16783.9192166
732000	16783.9192166
733000	16783.9192166
734000	16783.9192166
735000	16783.9192166
736000	16783.9192166
737000	16783.9192166
738000	16783.9192166
739000	16783.9192166
740000	16783.9192166
741000	16783.9192166
742000	16783.9192166
743000	16783.9192166
744000	16783.9192166
745000	16783.9192166
746000	16783.9192166
747000	16783.9192166
748000	16783.9192166
749000	16783.9192166
750000	16783.9192166
751000	16783.9192166
752000	16783.9192166
753000	16783.9192166
754000	16783.9192166
755000	16783.9192166
756000	16783.9192166
757000	16783.9192166
758000	16783.9192166
759000	16783.9192166
760000	16783.9192166
761000	16783.9192166
762000	16783.9192166
763000	16783.9192166
764000	16783.9192166
765000	16783.9192166
766000	16783.9192166
767000	16783.9192166
768000	16783.9192166
769000	16783.9192166
770000	16783.9192166
771000	16783.9192166
772000	16783.9192166
773000	16783.9192166
774000	16783.9192166
775000	16783.9192166
776000	16783.9192166
777000	16783.9192166
778000	16783.9192166
779000	16783.9192166
780000	16783.9192166
781000	16783.9192166
782000	16783.9192166
783000	16783.9192166
784000	16783.9192166
785000	16783.9192166
786000	16783.9192166
787000	16783.9192166
788000	16783.9192166
789000	16783.9192166
790000	16783.9192166
791000	16783.9192166
792000	16783.9192166
793000	16783.9192166
794000	16783.9192166
795000	16783.9192166
796000	16783.9192166
797000	16783.9192166
798000	16783.9192166
799000	16783.9192166
800000	16783.9192166
801000	16783.9192166
802000	16783.9192166
803000	16783.9192166
804000	16783.9192166
805000	16783.9192166
806000	16783.9192166
807000	16783.9192166
808000	16783.9192166
809000	16783.9192166
810000	16783.9192166
811000	16783.9192166
812000	16783.9192166
813000	16783.9192166
814000	16783.9192166
815000	16783.9192166
816000	16783.9192166
817000	16783.9192166
818000	16783.9192166
819000	16783.9192166
820000	16783.9192166
821000	16783.9192166
822000	16783.9192166
823000	16783.9192166
824000	16783.9192166
825000	16783.9192166
826000	16783.9192166
827000	16783.9192166
828000	16783.9192166
829000	16783.9192166
830000	16783.9192166
831000	16783.9192166
832000	16783.9192166
833000	16783.9192166
834000	16783.9192166
835000	16783.9192166
836000	16783.9192166
837000	16783.9192166
838000	16783.9192166
839000	16783.9192166
840000	16783.9192166
841000	16783.9192166
842000	16783.9192166
843000	16783.9192166
844000	16783.9192166
845000	16783.9192166
846000	16783.9192166
847000	16783.9192166
848000	16783.9192166
849000	16783.9192166
850000	16783.9192166
851000	16783.9192166
852000	16783.9192166
853000	16783.9192166
854000	16783.9192166
855000	16783.9192166
856000	16783.9192166
857000	16783.9192166
858000	16783.9192166
859000	16783.9192166
860000	16783.9192166
861000	16783.9192166
862000	16783.9192166
863000	16783.9192166
864000	16783.9192166
865000	16783.9192166
866000	16783.9192166
867000	16783.9192166
868000	16783.9192166
869000	16783.9192166
870000	16783.9192166
871000	16783.9192166
872000	16783.9192166
873000	16783.9192166
874000	16783.9192166
875000	16783.9192166
876000	16783.9192166
877000	16783.9192166
878000	16783.9192166
879000	16783.9192166
880000	16783.9192166
881000	16783.9192166
882000	16783.9192166
883000	16783.9192166
884000	16783.9192166
885000	16783.9192166
886000	16783.9192166
887000	16783.9192166
888000	16783.9192166
889000	16783.9192166
890000	16783.9192166
891000	16783.9192166
892000	16783.9192166
893000	16783.9192166
894000	16783.9192166
895000	16783.9192166
896000	16783.9192166
897000	16783.9192166
898000	16783.9192166
899000	16783.9192166
900000	16783.9192166
901000	16783.9192166
902000	16783.9192166
903000	16783.9192166
904000	16783.9192166
905000	16783.9192166
906000	16783.9192166
907000	16783.9192166
908000	16783.9192166
909000	16783.9192166
910000	16783.9192166
911000	16783.9192166
912000	16783.9192166
913000	16783.9192166
914000	16783.9192166
915000	16783.9192166
916000	16783.9192166
917000	16783.9192166
918000	16783.9192166
919000	16783.9192166
920000	16783.9192166
921000	16783.9192166
922000	16783.9192166
923000	16783.9192166
924000	16783.9192166
925000	16783.9192166
926000	16783.9192166
927000	16783.9192166
928000	16783.9192166
929000	16783.9192166
930000	16783.9192166
931000	16783.9192166
932000	16783.9192166
933000	16783.9192166
934000	16783.9192166
935000	16783.9192166
936000	16783.9192166
937000	16783.9192166
938000	16783.9192166
939000	16783.9192166
940000	16783.9192166
941000	16783.9192166
942000	16783.9192166
943000	16783.9192166
944000	16783.9192166
945000	16783.9192166
946000	16783.9192166
947000	16783.9192166
948000	16783.9192166
949000	16783.9192166
950000	16783.9192166
951000	16783.9192166
952000	16783.9192166
953000	16783.9192166
954000	16783.9192166
955000	16783.9192166
956000	16783.9192166
957000	16783.9192166
958000	16783.9192166
959000	16783.9192166
960000	16783.9192166
961000	16783.9192166
962000	16783.9192166
963000	16783.9192166
964000	16783.9192166
965000	16783.9192166
966000	16783.9192166
967000	16783.9192166
968000	16783.9192166
969000	16783.9192166
970000	16783.9192166
971000	16783.9192166
972000	16783.9192166
973000	16783.9192166
974000	16783.9192166
975000	16783.9192166
976000	16783.9192166
977000	16783.9192166
978000	16783.9192166
979000	16783.9192166
980000	16783.9192166
981000	16783.9192166
982000	16783.9192166
983000	16783.9192166
984000	16783.9192166
985000	16783.9192166
986000	16783.9192166
987000	16783.9192166
988000	16783.9192166
989000	16783.9192166
990000	16783.9192166
991000	16783.9192166
992000	16783.9192166
993000	16783.9192166
994000	16783.9192166
995000	16783.9192166
996000	16783.9192166
997000	16783.9192166
998000	16783.9192166
999000	16783.9192166
1000000	16783.9192166
1001000	16783.9192166
1002000	16783.9192166
1003000	16783.9192166
1004000	16783.9192166
1005000	16783.9192166
1006000	16783.9192166
1007000	16783.9192166
1008000	16783.9192166
1009000	16783.9192166
1010000	16783.9192166
1011000	16783.9192166
1012000	16783.9192166
1013000	16783.9192166
1014000	16783.9192166
1015000	16783.9192166
1016000	16783.9192166
1017000	16783.9192166
1018000	16783.9192166
1019000	16783.9192166
1020000	16783.9192166
1021000	16783.9192166
1022000	16783.9192166
1023000	16783.9192166
1024000	16783.9192166
1025000	16783.9192166
1026000	16783.9192166
1027000	16783.9192166
1028000	16783.9192166
1029000	16783.9192166
1030000	16783.9192166
1031000	16783.9192166
1032000	16783.9192166
1033000	16783.9192166
1034000	16783.9192166
1035000	16783.9192166
1036000	16783.9192166
1037000	16783.9192166
1038000	16783.9192166
1039000	16783.9192166
1040000	16783.9192166
1041000	16783.9192166
1042000	16783.9192166
1043000	16783.9192166
1044000	16783.9192166
1045000	16783.9192166
1046000	16783.9192166
1047000	16783.9192166
1048000	16783.9192166
1049000	16783.9192166
1050000	16783.9192166
1051000	16783.9192166
1052000	16783.9192166
1053000	16783.9192166
1054000	16783.9192166
1055000	16783.9192166
1056000	16783.9192166
1057000	16783.9192166
1058000	16783.9192166
1059000	16783.9192166
1060000	16783.9192166
1061000	16783.9192166
1062000	16783.9192166
1063000	16783.9192166
1064000	16783.9192166
1065000	16783.9192166
1066000	16783.9192166
1067000	16783.9192166
1068000	16783.9192166
1069000	16783.9192166
1070000	16783.9192166
1071000	16783.9192166
1072000	16783.9192166
1073000	16783.9192166
1074000	16783.9192166
1075000	16783.9192166
1076000	16783.9192166
1077000	16783.9192166
1078000	16783.9192166
1079000	16783.9192166
1080000	16783.9192166
1081000	16783.9192166
1082000	16783.9192166
1083000	16783.9192166
1084000	16783.9192166
1085000	16783.9192166
1086000	16783.9192166
1087000	16783.9192166
1088000	16783.9192166
1089000	16783.9192166
1090000	16783.9192166
1091000	16783.9192166
1092000	16783.9192166
1093000	16783.9192166
1094000	16783.9192166
1095000	16783.9192166
1096000	16783.9192166
1097000	16783.9192166
1098000	16783.9192166
1099000	16783.9192166
1100000	16783.9192166
1101000	16783.9192166
1102000	16783.9192166
1103000	16783.9192166
1104000	16783.9192166
1105000	16783.9192166
1106000	16783.9192166
1107000	16783.9192166
1108000	16783.9192166
1109000	16783.9192166
1110000	16783.9192166
1111000	16783.9192166
1112000	16783.9192166
1113000	16783.9192166
1114000	16783.9192166
1115000	16783.9192166
1116000	16783.9192166
1117000	16783.9192166
1118000	16783.9192166
1119000	16783.9192166
1120000	16783.9192166
1121000	16783.9192166
1122000	16783.9192166
1123000	16783.9192166
1124000	16783.9192166
1125000	16783.9192166
1126000	16783.9192166
1127000	16783.9192166
1128000	16783.9192166
1129000	16783.9192166
1130000	16783.9192166
1131000	16783.9192166
1132000	16783.9192166
1133000	16783.9192166
1134000	16783.9192166
1135000	16783.9192166
1136000	16783.9192166
1137000	16783.9192166
1138000	16783.9192166
1139000	16783.9192166
1140000	16783.9192166
1141000	16783.9192166
1142000	16783.9192166
1143000	16783.9192166
1144000	16783.9192166
1145000	16783.9192166
1146000	16783.9192166
1147000	16783.9192166
1148000	16783.9192166
1149000	16783.9192166
1150000	16783.9192166
1151000	16783.9192166
1152000	16783.9192166
1153000	16783.9192166
1154000	16783.9192166
1155000	16783.9192166
1156000	16783.9192166
1157000	16783.9192166
1158000	16783.9192166
1159000	16783.9192166
1160000	16783.9192166
1161000	16783.9192166
1162000	16783.9192166
1163000	16783.9192166
1164000	16783.9192166
1165000	16783.9192166
1166000	16783.9192166
1167000	16783.9192166
1168000	16783.9192166
1169000	16783.9192166
1170000	16783.9192166
1171000	16783.9192166
1172000	16783.9192166
1173000	16783.9192166
1174000	16783.9192166
1175000	16783.9192166
1176000	16783.9192166
1177000	16783.9192166
1178000	16783.9192166
1179000	16783.9192166
1180000	16783.9192166
1181000	16783.9192166
1182000	16783.9192166
1183000	16783.9192166
1184000	16783.9192166
1185000	16783.9192166
1186000	16783.9192166
1187000	16783.9192166
1188000	16783.9192166
1189000	16783.9192166
1190000	16783.9192166
1191000	16783.9192166
1192000	16783.9192166
1193000	16783.9192166
1194000	16783.9192166
1195000	16783.9192166
1196000	16783.9192166
1197000	16783.9192166
1198000	16783.9192166
1199000	16783.9192166
1200000	16783.9192166
1201000	16783.9192166
1202000	16783.9192166
1203000	16783.9192166
1204000	16783.9192166
1205000	16783.9192166
1206000	16783.9192166
1207000	16783.9192166
1208000	16783.9192166
1209000	16783.9192166
1210000	16783.9192166
1211000	16783.9192166
1212000	16783.9192166
1213000	16783.9192166
1214000	16783.9192166
1215000	16783.9192166
1216000	16783.9192166
1217000	16783.9192166
1218000	16783.9192166
1219000	16783.9192166
1220000	16783.9192166
1221000	16783.9192166
1222000	16783.9192166
1223000	16783.9192166
1224000	16783.9192166
1225000	16783.9192166
1226000	16783.9192166
1227000	16783.9192166
1228000	16783.9192166
1229000	16783.9192166
1230000	16783.9192166
1231000	16783.9192166
1232000	16783.9192166
1233000	16783.9192166
1234000	16783.9192166
1235000	16783.9192166
1236000	16783.9192166
1237000	16783.9192166
1238000	16783.9192166
1239000	16783.9192166
1240000	16783.9192166
1241000	16783.9192166
1242000	16783.9192166
1243000	16783.9192166
1244000	16783.9192166
1245000	16783.9192166
1246000	16783.9192166
1247000	16783.9192166
1248000	16783.9192166
1249000	16783.9192166
1250000	16783.9192166
1251000	16783.9192166
1252000	16783.9192166
1253000	16783.9192166
1254000	16783.9192166
1255000	16783.9192166
1256000	16783.9192166
1257000	16783.9192166
1258000	16783.9192166
1259000	16783.9192166
1260000	16783.9192166
1261000	16783.9192166
1262000	16783.9192166
1263000	16783.9192166
1264000	16783.9192166
1265000	16783.9192166
1266000	16783.9192166
1267000	16783.9192166
1268000	16783.9192166
1269000	16783.9192166
1270000	16783.9192166
1271000	16783.9192166
1272000	16783.9192166
1273000	16783.9192166
1274000	16783.9192166
1275000	16783.9192166
1276000	16783.9192166
1277000	16783.9192166
1278000	16783.9192166
1279000	16783.9192166
1280000	16783.9192166
1281000	16783.9192166
1282000	16783.9192166
1283000	16783.9192166
1284000	16783.9192166
1285000	16783.9192166
1286000	16783.9192166
1287000	16783.9192166
1288000	16783.9192166
1289000	16783.9192166
1290000	16783.9192166
1291000	16783.9192166
1292000	16783.9192166
1293000	16783.9192166
1294000	16783.9192166
1295000	16783.9192166
1296000	16783.9192166
1297000	16783.9192166
1298000	16783.9192166
1299000	16783.9192166
1300000	16783.9192166
1301000	16783.9192166
1302000	16783.9192166
1303000	16783.9192166
1304000	16783.9192166
1305000	16783.9192166
1306000	16783.9192166
1307000	16783.9192166
1308000	16783.9192166
1309000	16783.9192166
1310000	16783.9192166
1311000	16783.9192166
1312000	16783.9192166
1313000	16783.9192166
1314000	16783.9192166
1315000	16783.9192166
1316000	16783.9192166
1317000	16783.9192166
1318000	16783.9192166
1319000	16783.9192166
1320000	16783.9192166
1321000	16783.9192166
1322000	16783.9192166
1323000	16783.9192166
1324000	16783.9192166
1325000	16783.9192166
1326000	16783.9192166
1327000	16783.9192166
1328000	16783.9192166
1329000	16783.9192166
1330000	16783.9192166
1331000	16783.9192166
1332000	16783.9192166
1333000	16783.9192166
1334000	16783.9192166
1335000	16783.9192166
1336000	16783.9192166
1337000	16783.9192166
1338000	16783.9192166
1339000	16783.9192166
1340000	16783.9192166
1341000	16783.9192166
1342000	16783.9192166
1343000	16783.9192166
1344000	16783.9192166
1345000	16783.9192166
1346000	16783.9192166
1347000	16783.9192166
1348000	16783.9192166
1349000	16783.9192166
1350000	16783.9192166
1351000	16783.9192166
1352000	16783.9192166
1353000	16783.9192166
1354000	16783.9192166
1355000	16783.9192166
1356000	16783.9192166
1357000	16783.9192166
1358000	16783.9192166
1359000	16783.9192166
1360000	16783.9192166
1361000	16783.9192166
1362000	16783.9192166
1363000	16783.9192166
1364000	16783.9192166
1365000	16783.9192166
1366000	16783.9192166
1367000	16783.9192166
1368000	16783.9192166
1369000	16783.9192166
1370000	16783.9192166
1371000	16783.9192166
1372000	16783.9192166
1373000	16783.9192166
1374000	16783.9192166
1375000	16783.9192166
1376000	16783.9192166
1377000	16783.9192166
1378000	16783.9192166
1379000	16783.9192166
1380000	16783.9192166
1381000	16783.9192166
1382000	16783.9192166
1383000	16783.9192166
1384000	16783.9192166
1385000	16783.9192166
1386000	16783.9192166
1387000	16783.9192166
1388000	16783.9192166
1389000	16783.9192166
1390000	16783.9192166
1391000	16783.9192166
1392000	16783.9192166
1393000	16783.9192166
1394000	16783.9192166
1395000	16783.9192166
1396000	16783.9192166
1397000	16783.9192166
1398000	16783.9192166
1399000	16783.9192166
1400000	16783.9192166
1401000	16783.9192166
1402000	16783.9192166
1403000	16783.9192166
1404000	16783.9192166
1405000	16783.9192166
1406000	16783.9192166
1407000	16783.9192166
1408000	16783.9192166
1409000	16783.9192166
1410000	16783.9192166
1411000	16783.9192166
1412000	16783.9192166
1413000	16783.9192166
1414000	16783.9192166
1415000	16783.9192166
1416000	16783.9192166
1417000	16783.9192166
1418000	16783.9192166
1419000	16783.9192166
1420000	16783.9192166
1421000	16783.9192166
1422000	16783.9192166
1423000	16783.9192166
1424000	16783.9192166
1425000	16783.9192166
1426000	16783.9192166
1427000	16783.9192166
1428000	16783.9192166
1429000	16783.9192166
1430000	16783.9192166
1431000	16783.9192166
1432000	16783.9192166
1433000	16783.9192166
1434000	16783.9192166
1435000	16783.9192166
1436000	16783.9192166
1437000	16783.9192166
1438000	16783.9192166
1439000	16783.9192166
1440000	16783.9192166
1441000	16783.9192166
1442000	16783.9192166
1443000	16783.9192166
1444000	16783.9192166
1445000	16783.9192166
1446000	16783.9192166
1447000	16783.9192166
1448000	16783.9192166
1449000	16783.9192166
1450000	16783.9192166
1451000	16783.9192166
1452000	16783.9192166
1453000	16783.9192166
1454000	16783.9192166
1455000	16783.9192166
1456000	16783.9192166
1457000	16783.9192166
1458000	16783.9192166
1459000	16783.9192166
1460000	16783.9192166
1461000	16783.9192166
1462000	16783.9192166
1463000	16783.9192166
1464000	16783.9192166
1465000	16783.9192166
1466000	16783.9192166
1467000	16783.9192166
1468000	16783.9192166
1469000	16783.9192166
1470000	16783.9192166
1471000	16783.9192166
1472000	16783.9192166
1473000	16783.9192166
1474000	16783.9192166
1475000	16783.9192166
1476000	16783.9192166
1477000	16783.9192166
1478000	16783.9192166
1479000	16783.9192166
1480000	16783.9192166
1481000	16783.9192166
1482000	16783.9192166
1483000	16783.9192166
1484000	16783.9192166
1485000	16783.9192166
1486000	16783.9192166
1487000	16783.9192166
1488000	16783.9192166
1489000	16783.9192166
1490000	16783.9192166
1491000	16783.9192166
1492000	16783.9192166
1493000	16783.9192166
1494000	16783.9192166
1495000	16783.9192166
1496000	16783.9192166
1497000	16783.9192166
1498000	16783.9192166
1499000	16783.9192166
1500000	16783.9192166
1501000	16783.9192166
1502000	16783.9192166
1503000	16783.9192166
1504000	16783.9192166
1505000	16783.9192166
1506000	16783.9192166
1507000	16783.9192166
1508000	16783.9192166
1509000	16783.9192166
1510000	16783.9192166
1511000	16783.9192166
1512000	16783.9192166
1513000	16783.9192166
1514000	16783.9192166
1515000	16783.9192166
1516000	16783.9192166
1517000	16783.9192166
1518000	16783.9192166
1519000	16783.9192166
1520000	16783.9192166
1521000	16783.9192166
1522000	16783.9192166
1523000	16783.9192166
1524000	16783.9192166
1525000	16783.9192166
1526000	16783.9192166
1527000	16783.9192166
1528000	16783.9192166
1529000	16783.9192166
1530000	16783.9192166
1531000	16783.9192166
1532000	16783.9192166
1533000	16783.9192166
1534000	16783.9192166
1535000	16783.9192166
1536000	16783.9192166
1537000	16783.9192166
1538000	16783.9192166
1539000	16783.9192166
1540000	16783.9192166
1541000	16783.9192166
1542000	16783.9192166
1543000	16783.9192166
1544000	16783.9192166
1545000	16783.9192166
1546000	16783.9192166
1547000	16783.9192166
1548000	16783.9192166
1549000	16783.9192166
1550000	16783.9192166
1551000	16783.9192166
1552000	16783.9192166
1553000	16783.9192166
1554000	16783.9192166
1555000	16783.9192166
1556000	16783.9192166
1557000	16783.9192166
1558000	16783.9192166
1559000	16783.9192166
1560000	16783.9192166
1561000	16783.9192166
1562000	16783.9192166
1563000	16783.9192166
1564000	16783.9192166
1565000	16783.9192166
1566000	16783.9192166
1567000	16783.9192166
1568000	16783.9192166
1569000	16783.9192166
1570000	16783.9192166
1571000	16783.9192166
1572000	16783.9192166
1573000	16783.9192166
1574000	16783.9192166
1575000	16783.9192166
1576000	16783.9192166
1577000	16783.9192166
1578000	16783.9192166
1579000	16783.9192166
1580000	16783.9192166
1581000	16783.9192166
1582000	16783.9192166
1583000	16783.9192166
1584000	16783.9192166
1585000	16783.9192166
1586000	16783.9192166
1587000	16783.9192166
1588000	16783.9192166
1589000	16783.9192166
1590000	16783.9192166
1591000	16783.9192166
1592000	16783.9192166
1593000	16783.9192166
1594000	16783.9192166
1595000	16783.9192166
1596000	16783.9192166
1597000	16783.9192166
1598000	16783.9192166
1599000	16783.9192166
1600000	16783.9192166
1601000	16783.9192166
1602000	16783.9192166
1603000	16783.9192166
1604000	16783.9192166
1605000	16783.9192166
1606000	16783.9192166
1607000	16783.9192166
1608000	16783.9192166
1609000	16783.9192166
1610000	16783.9192166
1611000	16783.9192166
1612000	16783.9192166
1613000	16783.9192166
1614000	16783.9192166
1615000	16783.9192166
1616000	16783.9192166
1617000	16783.9192166
1618000	16783.9192166
1619000	16783.9192166
1620000	16783.9192166
1621000	16783.9192166
1622000	16783.9192166
1623000	16783.9192166
1624000	16783.9192166
1625000	16783.9192166
1626000	16783.9192166
1627000	16783.9192166
1628000	16783.9192166
1629000	16783.9192166
1630000	16783.9192166
1631000	16783.9192166
1632000	16783.9192166
1633000	16783.9192166
1634000	16783.9192166
1635000	16783.9192166
1636000	16783.9192166
1637000	16783.9192166
1638000	16783.9192166
1639000	16783.9192166
1640000	16783.9192166
1641000	16783.9192166
1642000	16783.9192166
1643000	16783.9192166
1644000	16783.9192166
1645000	16783.9192166
1646000	16783.9192166
1647000	16783.9192166
1648000	16783.9192166
1649000	16783.9192166
1650000	16783.9192166
1651000	16783.9192166
1652000	16783.9192166
1653000	16783.9192166
1654000	16783.9192166
1655000	16783.9192166
1656000	16783.9192166
1657000	16783.9192166
1658000	16783.9192166
1659000	16783.9192166
1660000	16783.9192166
1661000	16783.9192166
1662000	16783.9192166
1663000	16783.9192166
1664000	16783.9192166
1665000	16783.9192166
1666000	16783.9192166
1667000	16783.9192166
1668000	16783.9192166
1669000	16783.9192166
1670000	16783.9192166
1671000	16783.9192166
1672000	16783.9192166
1673000	16783.9192166
1674000	16783.9192166
1675000	16783.9192166
1676000	16783.9192166
1677000	16783.9192166
1678000	16783.9192166
1679000	16783.9192166
1680000	16783.9192166
1681000	16783.9192166
1682000	16783.9192166
1683000	16783.9192166
1684000	16783.9192166
1685000	16783.9192166
1686000	16783.9192166
1687000	16783.9192166
1688000	16783.9192166
1689000	16783.9192166
1690000	16783.9192166
1691000	16783.9192166
1692000	16783.9192166
1693000	16783.9192166
1694000	16783.9192166
1695000	16783.9192166
1696000	16783.9192166
1697000	16783.9192166
1698000	16783.9192166
1699000	16783.9192166
1700000	16783.9192166
1701000	16783.9192166
1702000	16783.9192166
1703000	16783.9192166
1704000	16783.9192166
1705000	16783.9192166
1706000	16783.9192166
1707000	16783.9192166
1708000	16783.9192166
1709000	16783.9192166
1710000	16783.9192166
1711000	16783.9192166
1712000	16783.9192166
1713000	16783.9192166
1714000	16783.9192166
1715000	16783.9192166
1716000	16783.9192166
1717000	16783.9192166
1718000	16783.9192166
1719000	16783.9192166
1720000	16783.9192166
1721000	16783.9192166
1722000	16783.9192166
1723000	16783.9192166
1724000	16783.9192166
1725000	16783.9192166
1726000	16783.9192166
1727000	16783.9192166
1728000	16783.9192166
1729000	16783.9192166
1730000	16783.9192166
1731000	16783.9192166
1732000	16783.9192166
1733000	16783.9192166
1734000	16783.9192166
1735000	16783.9192166
1736000	16783.9192166
1737000	16783.9192166
1738000	16783.9192166
1739000	16783.9192166
1740000	16783.9192166
1741000	16783.9192166
1742000	16783.9192166
1743000	16783.9192166
1744000	16783.9192166
1745000	16783.9192166
1746000	16783.9192166
1747000	16783.9192166
1748000	16783.9192166
1749000	16783.9192166
1750000	16783.9192166
1751000	16783.9192166
1752000	16783.9192166
1753000	16783.9192166
1754000	16783.9192166
1755000	16783.9192166
1756000	16783.9192166
1757000	16783.9192166
1758000	16783.9192166
1759000	16783.9192166
1760000	16783.9192166
1761000	16783.9192166
1762000	16783.9192166
1763000	16783.9192166
1764000	16783.9192166
1765000	16783.9192166
1766000	16783.9192166
1767000	16783.9192166
1768000	16783.9192166
1769000	16783.9192166
1770000	16783.9192166
1771000	16783.9192166
1772000	16783.9192166
1773000	16783.9192166
1774000	16783.9192166
1775000	16783.9192166
1776000	16783.9192166
1777000	16783.9192166
1778000	16783.9192166
1779000	16783.9192166
1780000	16783.9192166
1781000	16783.9192166
1782000	16783.9192166
1783000	16783.9192166
1784000	16783.9192166
1785000	16783.9192166
1786000	16783.9192166
1787000	16783.9192166
1788000	16783.9192166
1789000	16783.9192166
1790000	16783.9192166
1791000	16783.9192166
1792000	16783.9192166
1793000	16783.9192166
1794000	16783.9192166
1795000	16783.9192166
1796000	16783.9192166
1797000	16783.9192166
1798000	16783.9192166
1799000	16783.9192166
1800000	16783.9192166
1801000	16783.9192166
1802000	16783.9192166
1803000	16783.9192166
1804000	16783.9192166
1805000	16783.9192166
1806000	16783.9192166
1807000	16783.9192166
1808000	16783.9192166
1809000	16783.9192166
1810000	16783.9192166
1811000	16783.9192166
1812000	16783.9192166
1813000	16783.9192166
1814000	16783.9192166
1815000	16783.9192166
1816000	16783.9192166
1817000	16783.9192166
1818000	16783.9192166
1819000	16783.9192166
1820000	16783.9192166
1821000	16783.9192166
1822000	16783.9192166
1823000	16783.9192166
1824000	16783.9192166
1825000	16783.9192166
1826000	16783.9192166
1827000	16783.9192166
1828000	16783.9192166
1829000	16783.9192166
1830000	16783.9192166
1831000	16783.9192166
1832000	16783.9192166
1833000	16783.9192166
1834000	16783.9192166
1835000	16783.9192166
1836000	16783.9192166
1837000	16783.9192166
1838000	16783.9192166
1839000	16783.9192166
1840000	16783.9192166
1841000	16783.9192166
1842000	16783.9192166
1843000	16783.9192166
1844000	16783.9192166
1845000	16783.9192166
1846000	16783.9192166
1847000	16783.9192166
1848000	16783.9192166
1849000	16783.9192166
1850000	16783.9192166
1851000	16783.9192166
1852000	16783.9192166
1853000	16783.9192166
1854000	16783.9192166
1855000	16783.9192166
1856000	16783.9192166
1857000	16783.9192166
1858000	16783.9192166
1859000	16783.9192166
1860000	16783.9192166
1861000	16783.9192166
1862000	16783.9192166
1863000	16783.9192166
1864000	16783.9192166
1865000	16783.9192166
1866000	16783.9192166
1867000	16783.9192166
1868000	16783.9192166
1869000	16783.9192166
1870000	16783.9192166
1871000	16783.9192166
1872000	16783.9192166
1873000	16783.9192166
1874000	16783.9192166
1875000	16783.9192166
1876000	16783.9192166
1877000	16783.9192166
1878000	16783.9192166
1879000	16783.9192166
1880000	16783.9192166
1881000	16783.9192166
1882000	16783.9192166
1883000	16783.9192166
1884000	16783.9192166
1885000	16783.9192166
1886000	16783.9192166
1887000	16783.9192166
1888000	16783.9192166
1889000	16783.9192166
1890000	16783.9192166
1891000	16783.9192166
1892000	16783.9192166
1893000	16783.9192166
1894000	16783.9192166
1895000	16783.9192166
1896000	16783.9192166
1897000	16783.9192166
1898000	16783.9192166
1899000	16783.9192166
1900000	16783.9192166
1901000	16783.9192166
1902000	16783.9192166
1903000	16783.9192166
1904000	16783.9192166
1905000	16783.9192166
1906000	16783.9192166
1907000	16783.9192166
1908000	16783.9192166
1909000	16783.9192166
1910000	16783.9192166
1911000	16783.9192166
1912000	16783.9192166
1913000	16783.9192166
1914000	16783.9192166
1915000	16783.9192166
1916000	16783.9192166
1917000	16783.9192166
1918000	16783.9192166
1919000	16783.9192166
1920000	16783.9192166
1921000	16783.9192166
1922000	16783.9192166
1923000	16783.9192166
1924000	16783.9192166
1925000	16783.9192166
1926000	16783.9192166
1927000	16783.9192166
1928000	16783.9192166
1929000	16783.9192166
1930000	16783.9192166
1931000	16783.9192166
1932000	16783.9192166
1933000	16783.9192166
1934000	16783.9192166
1935000	16783.9192166
1936000	16783.9192166
1937000	16783.9192166
1938000	16783.9192166
1939000	16783.9192166
1940000	16783.9192166
1941000	16783.9192166
1942000	16783.9192166
1943000	16783.9192166
1944000	16783.9192166
1945000	16783.9192166
1946000	16783.9192166
1947000	16783.9192166
1948000	16783.9192166
1949000	16783.9192166
1950000	16783.9192166
1951000	16783.9192166
1952000	16783.9192166
1953000	16783.9192166
1954000	16783.9192166
1955000	16783.9192166
1956000	16783.9192166
1957000	16783.9192166
1958000	16783.9192166
1959000	16783.9192166
1960000	16783.9192166
1961000	16783.9192166
1962000	16783.9192166
1963000	16783.9192166
1964000	16783.9192166
1965000	16783.9192166
1966000	16783.9192166
1967000	16783.9192166
1968000	16783.9192166
1969000	16783.9192166
1970000	16783.9192166
1971000	16783.9192166
1972000	16783.9192166
1973000	16783.9192166
1974000	16783.9192166
1975000	16783.9192166
1976000	16783.9192166
1977000	16783.9192166
1978000	16783.9192166
1979000	16783.9192166
1980000	16783.9192166
1981000	16783.9192166
1982000	16783.9192166
1983000	16783.9192166
1984000	16783.9192166
1985000	16783.9192166
1986000	16783.9192166
1987000	16783.9192166
1988000	16783.9192166
1989000	16783.9192166
1990000	16783.9192166
1991000	16783.9192166
1992000	16783.9192166
1993000	16783.9192166
1994000	16783.9192166
1995000	16783.9192166
1996000	16783.9192166
1997000	16783.9192166
1998000	16783.9192166
1999000	9912.20709923
2000000	9777.74473275
