1000	78.1552029692
2000	129.442452994
3000	180.709060335
4000	229.295727451
5000	274.509288741
6000	319.731905389
7000	363.3469794
8000	404.677264439
9000	442.806379688
10000	480.425685498
11000	514.971643712
12000	547.632520609
13000	576.818663216
14000	607.772687604
15000	638.400566254
16000	667.651235576
17000	694.024802831
18000	720.026020518
19000	744.631316436
20000	768.297549845
21000	791.111543236
22000	813.844033432
23000	835.71525763
24000	856.746693189
25000	877.865629161
26000	899.687000099
27000	919.070919167
28000	937.992532338
29000	957.16734882
30000	976.850711688
31000	997.3459042
32000	1016.45492036
33000	1034.32860319
34000	1052.65814846
35000	1070.19864837
36000	1086.42962762
37000	1100.64879095
38000	1115.96787937
39000	1131.62779431
40000	1147.45444597
41000	1161.99833204
42000	1177.85731851
43000	1192.99261927
44000	1207.91870593
45000	1221.90546799
46000	1236.15002729
47000	1249.97394675
48000	1263.9758382
49000	1279.69635209
50000	1294.84545148
51000	1309.57167477
52000	1323.67173213
53000	1335.77201225
54000	1349.8122589
55000	1364.81367087
56000	1378.87204031
57000	1392.34282907
58000	1406.80276289
59000	1419.53971906
60000	1432.75181984
61000	1445.40034914
62000	1457.84901686
63000	1471.24888996
64000	1483.02018094
65000	1496.25947868
66000	1507.81649673
67000	1519.38262389
68000	1529.8851294
69000	1540.60365127
70000	1550.97635868
71000	1561.56685016
72000	1572.47235521
73000	1584.26621511
74000	1595.03807948
75000	1605.02965689
76000	1615.10990376
77000	1625.15717432
78000	1636.48236551
79000	1646.72532102
80000	1656.34908152
81000	1665.96147218
82000	1676.72664404
83000	1685.77816561
84000	1696.18638595
85000	1705.62045403
86000	1714.70380302
87000	1724.6539499
88000	1733.4306134
89000	1742.40018348
90000	1752.0058094
91000	1761.17192661
92000	1770.66116606
93000	1779.31152248
94000	1788.19919952
95000	1798.43625366
96000	1807.37965504
97000	1815.83276468
98000	1825.58672566
99000	1834.61691964
100000	1843.87330807
101000	1852.55190225
102000	1859.62050656
103000	1867.08439496
104000	1875.45624188
105000	1884.06942266
106000	1892.30766531
107000	1900.36254411
108000	1908.80494119
109000	1917.4757467
110000	1926.73043635
111000	1935.34345355
112000	1944.07273518
113000	1952.82555021
114000	1960.11889389
115000	1968.49407024
116000	1976.63144887
117000	1985.42260616
118000	1993.43463014
119000	2001.04592928
120000	2008.50231897
121000	2017.19186488
122000	2025.3709278
123000	2033.02677593
124000	2041.25710357
125000	2048.78345393
126000	2055.439932
127000	2063.69275912
128000	2070.51625023
129000	2078.02578956
130000	2086.68847676
131000	2094.94973769
132000	2101.65740443
133000	2110.15585518
134000	2116.1881895
135000	2123.86760655
136000	2131.59009224
137000	2138.70809867
138000	2145.87359399
139000	2152.99150131
140000	2160.05300093
141000	2167.19479781
142000	2174.473222
143000	2181.24966886
144000	2187.99229191
145000	2194.98122546
146000	2203.07741285
147000	2209.6974019
148000	2216.71525812
149000	2224.34862251
150000	2230.72711268
151000	2237.11228178
152000	2243.56524223
153000	2249.10278186
154000	2255.87379103
155000	2263.07400474
156000	2268.79141806
157000	2275.36640824
158000	2281.47960397
159000	2287.74520284
160000	2294.18199988
161000	2300.51394676
162000	2306.09871922
163000	2312.02998736
164000	2317.6144766
165000	2323.26407519
166000	2329.26709407
167000	2335.48258285
168000	2341.26853401
169000	2347.28743506
170000	2353.9891625
171000	2359.79637235
172000	2366.24193918
173000	2372.1297999
174000	2378.89013512
175000	2384.63302641
176000	2390.9424381
177000	2396.33411421
178000	2402.79559922
179000	2408.60252408
180000	2415.20919888
181000	2421.49341728
182000	2427.39982644
183000	2432.71122762
184000	2437.77114591
185000	2442.68645603
186000	2447.76238583
187000	2452.81408311
188000	2458.79768433
189000	2464.85190015
190000	2470.62961439
191000	2476.64834701
192000	2482.31086526
193000	2487.46016603
194000	2492.56328926
195000	2498.45689935
196000	2504.2721743
197000	2509.66293514
198000	2515.09899948
199000	2520.15482115
200000	2525.49089282
201000	2530.86695828
202000	2536.37779884
203000	2541.70720165
204000	2546.9104347
205000	2552.2878779
206000	2557.30142943
207000	2562.66959199
208000	2568.02584298
209000	2573.40886659
210000	2578.18025681
211000	2583.36343057
212000	2588.91327336
213000	2593.48016587
214000	2597.92807536
215000	2603.49353073
216000	2608.06798115
217000	2613.61490354
218000	2618.68293595
219000	2623.40000345
220000	2628.52008272
221000	2633.95277295
222000	2638.36164296
223000	2643.57786855
224000	2649.35043761
225000	2654.5519973
226000	2659.16256445
227000	2663.846808
228000	2669.17184901
229000	2674.49292383
230000	2679.50513209
231000	2684.15480606
232000	2688.73984137
233000	2694.16104011
234000	2698.92274593
235000	2703.77983604
236000	2709.13100194
237000	2713.40671059
238000	2717.66883574
239000	2722.32633828
240000	2726.54014877
241000	2731.50055952
242000	2736.35521345
243000	2741.50303539
244000	2745.79423937
245000	2750.18077064
246000	2754.93362731
247000	2759.07101819
248000	2764.43684167
249000	2768.77588339
250000	2773.45874408
251000	2777.34183852
252000	2782.13671889
253000	2786.72955784
254000	2791.33732561
255000	2795.11239048
256000	2799.45559747
257000	2803.25700361
258000	2807.36260874
259000	2811.49539553
260000	2815.30521149
261000	2819.62860412
262000	2823.7220702
263000	2828.36039922
264000	2832.16563671
265000	2836.5975337
266000	2840.80745023
267000	2845.0025507
268000	2849.64309616
269000	2854.20720032
270000	2858.40075702
271000	2862.26967542
272000	2866.07356352
273000	2870.39483702
274000	2873.86987466
275000	2877.55325211
276000	2881.74131132
277000	2885.61123275
278000	2889.40660323
279000	2892.72078348
280000	2897.18037515
281000	2901.25671274
282000	2906.1200336
283000	2910.9687377
284000	2915.43819402
285000	2920.01797801
286000	2923.36473195
287000	2927.47910907
288000	2932.02183296
289000	2936.550206
290000	2940.10947184
291000	2944.02876206
292000	2947.77660126
293000	2951.73006411
294000	2955.64127016
295000	2959.25817848
296000	2963.48063839
297000	2967.14433767
298000	2970.39749963
299000	2974.94563392
300000	2978.76369136
301000	2981.9362644
302000	2985.54192488
303000	2989.18989618
304000	2993.251623
305000	2997.32316305
306000	3000.79396971
307000	3005.31280942
308000	3008.98666603
309000	3012.4654179
310000	3016.25894957
311000	3020.54114012
312000	3024.44843559
313000	3028.34194449
314000	3031.98019426
315000	3035.19467584
316000	3039.20255121
317000	3042.028038
318000	3046.06065898
319000	3049.8435551
320000	3054.11119782
321000	3057.80895992
322000	3062.21540796
323000	3066.17305142
324000	3069.19927627
325000	3072.80684538
326000	3076.41500841
327000	3079.51291522
328000	3083.32866715
329000	3086.97636509
330000	3090.29278187
331000	3093.23236668
332000	3097.04513421
333000	3100.65938567
334000	3103.69091372
335000	3107.54919694
336000	3111.11974448
337000	3114.66680119
338000	3118.24666154
339000	3122.24946086
340000	3125.55580725
341000	3127.90950996
342000	3131.85490177
343000	3135.07079914
344000	3138.85246334
345000	3141.94040809
346000	3145.37113036
347000	3148.87482097
348000	3151.99900113
349000	3155.30975537
350000	3158.56923085
351000	3162.34035127
352000	3165.76791007
353000	3168.90135584
354000	3172.68839272
355000	3175.66476156
356000	3178.87678608
357000	3182.12669618
358000	3185.38606961
359000	3189.08264633
360000	3192.41358725
361000	3195.79226772
362000	3199.29682719
363000	3202.50865525
364000	3205.62373529
365000	3208.63114911
366000	3211.94039368
367000	3215.08206566
368000	3217.96925197
369000	3221.53337471
370000	3224.43065124
371000	3227.66369745
372000	3231.15900971
373000	3234.26632201
374000	3238.39103938
375000	3242.00543794
376000	3245.37440924
377000	3248.18180239
378000	3251.19326285
379000	3254.31162603
380000	3257.20877698
381000	3260.74815976
382000	3264.03561606
383000	3266.69345955
384000	3269.82358879
385000	3273.45646147
386000	3276.84740153
387000	3280.33256942
388000	3283.78886949
389000	3287.03728236
390000	3290.5674311
391000	3293.8095548
392000	3296.20797991
393000	3299.9209095
394000	3303.01818211
395000	3305.9236756
396000	3309.04319266
397000	3311.83323066
398000	3314.24363602
399000	3317.24377316
400000	3320.16387179
401000	3323.53362227
402000	3326.17632127
403000	3329.18424529
404000	3331.62726796
405000	3334.98052814
406000	3337.87003413
407000	3341.45494485
408000	3344.78450881
409000	3347.53037157
410000	3350.65462351
411000	3353.30806515
412000	3356.46046709
413000	3359.72071134
414000	3362.57783891
415000	3365.50863737
416000	3368.47627698
417000	3371.01798356
418000	3374.21678639
419000	3377.38348705
420000	3380.52922795
421000	3383.75227226
422000	3386.52244992
423000	3389.128065
424000	3392.25220019
425000	3394.87631667
426000	3397.72895171
427000	3400.68391789
428000	3403.46238216
429000	3406.13302118
430000	3409.03528674
431000	3411.91239636
432000	3414.24747265
433000	3417.19613475
434000	3420.33223884
435000	3422.77338434
436000	3425.58847848
437000	3428.36502495
438000	3430.868774
439000	3433.66410748
440000	3436.60302524
441000	3439.02063508
442000	3441.6823853
443000	3444.34690016
444000	3447.52983139
445000	3451.10368702
446000	3454.01709293
447000	3456.85535017
448000	3459.82156763
449000	3462.59453588
450000	3465.37439635
451000	3468.29159159
452000	3470.57253255
453000	3473.07643203
454000	3476.14778499
455000	3478.97297035
456000	3481.32776571
457000	3483.57995753
458000	3486.14498114
459000	3489.28917517
460000	3491.89698855
461000	3494.55250128
462000	3497.02938467
463000	3499.95206619
464000	3502.89624834
465000	3506.81568073
466000	3509.43145805
467000	3512.21511329
468000	3514.85157955
469000	3517.17866913
470000	3519.95330236
471000	3521.81192794
472000	3524.5503742
473000	3527.35146732
474000	3529.86329537
475000	3532.65483837
476000	3534.96110513
477000	3537.67018775
478000	3540.14427142
479000	3542.62642776
480000	3545.46971949
481000	3548.67341016
482000	3551.31321362
483000	3553.80208854
484000	3556.61222034
485000	3559.2390763
486000	3562.15122512
487000	3564.95583118
488000	3567.10697748
489000	3569.28933014
490000	3571.84880231
491000	3574.37977092
492000	3576.64680471
493000	3579.28764019
494000	3581.76488595
495000	3584.21710033
496000	3587.10551118
497000	3589.30759129
498000	3591.8685188
499000	3594.59529603
500000	3597.65383275
501000	3600.48786276
502000	3602.78970763
503000	3604.75319264
504000	3607.35012424
505000	3610.20004694
506000	3612.81011142
507000	3615.46270556
508000	3618.00248619
509000	3620.24990316
510000	3622.41022178
511000	3625.23851249
512000	3627.25072621
513000	3630.58378499
514000	3633.55368172
515000	3636.29773171
516000	3638.61579542
517000	3640.60209202
518000	3643.00131311
519000	3644.92270859
520000	3647.23794809
521000	3649.97797405
522000	3652.49657543
523000	3655.02120554
524000	3657.39343708
525000	3659.98623646
526000	3662.52475708
527000	3664.64567501
528000	3666.77044035
529000	3669.03421388
530000	3671.23012921
531000	3673.38843425
532000	3675.94556914
533000	3678.70310962
534000	3680.58102358
535000	3683.06888044
536000	3685.31837968
537000	3687.39926849
538000	3690.03233293
539000	3692.37793186
540000	3694.89136847
541000	3697.14299069
542000	3699.780345
543000	3702.13251102
544000	3704.51590561
545000	3706.80297116
546000	3709.16956307
547000	3711.38782368
548000	3713.96859811
549000	3716.26134078
550000	3718.72267725
551000	3720.93923293
552000	3723.44737298
553000	3725.39903737
554000	3727.44414909
555000	3730.11724724
556000	3732.64702984
557000	3734.72444393
558000	3737.07054862
559000	3739.4897697
560000	3741.69755678
561000	3743.70806473
562000	3745.78518413
563000	3748.22838297
564000	3750.42374379
565000	3753.27336678
566000	3755.65347806
567000	3758.02938647
568000	3760.02866972
569000	3762.68291278
570000	3765.03838962
571000	3766.92328955
572000	3769.17023581
573000	3771.01369592
574000	3772.98003839
575000	3775.09919192
576000	3777.61056273
577000	3780.07954294
578000	3782.32225667
579000	3784.48986183
580000	3786.94574743
581000	3788.83304613
582000	3791.31587397
583000	3793.49771426
584000	3795.50539848
585000	3797.71439037
586000	3800.18387737
587000	3802.99224642
588000	3806.06872752
589000	3808.49987458
590000	3810.69331602
591000	3813.58623589
592000	3816.21325684
593000	3818.16590519
594000	3820.49377066
595000	3822.8233802
596000	3824.66719556
597000	3826.89417878
598000	3829.41243523
599000	3831.9328613
600000	3834.30579861
601000	3836.34005009
602000	3838.42906363
603000	3840.76407229
604000	3842.89546524
605000	3845.01670416
606000	3847.27199186
607000	3849.37409211
608000	3851.01744102
609000	3852.70340653
610000	3854.37723458
611000	3856.97336544
612000	3859.07656033
613000	3861.90624247
614000	3864.11392276
615000	3866.54160757
616000	3868.82059073
617000	3870.82296933
618000	3873.09840265
619000	3875.30918072
620000	3877.70128866
621000	3879.42591979
622000	3881.56563009
623000	3883.5217846
624000	3886.28096134
625000	3888.50835203
626000	3890.56892654
627000	3892.73139222
628000	3894.31340416
629000	3896.15901713
630000	3898.72832608
631000	3900.7239131
632000	3903.02427639
633000	3905.05754589
634000	3907.03162737
635000	3908.87460404
636000	3910.75847644
637000	3912.5503501
638000	3914.48469252
639000	3916.36004276
640000	3918.44977828
641000	3920.64334191
642000	3922.95180061
643000	3924.68184641
644000	3926.84597755
645000	3928.8492284
646000	3930.49081925
647000	3932.43911177
648000	3934.7479222
649000	3936.70015059
650000	3938.61731759
651000	3940.51229191
652000	3942.01963427
653000	3944.08144179
654000	3946.4306259
655000	3948.80674561
656000	3950.89107248
657000	3953.11161619
658000	3955.16564131
659000	3957.48482684
660000	3960.13339674
661000	3962.47455574
662000	3964.47932747
663000	3966.2348915
664000	3968.00874249
665000	3969.75667485
666000	3971.46351928
667000	3973.28023394
668000	3975.68580089
669000	3977.59164005
670000	3979.84825451
671000	3981.83083474
672000	3984.38719152
673000	3986.45252955
674000	3988.30586655
675000	3990.67143718
676000	3992.54833825
677000	3994.92679861
678000	3997.26535474
679000	3998.61436196
680000	4000.22367168
681000	4002.491923
682000	4004.1491208
683000	4006.30513713
684000	4008.53845398
685000	4010.43196756
686000	4012.30050851
687000	4013.9408858
688000	4015.63483404
689000	4018.16671778
690000	4020.53944791
691000	4022.42150264
692000	4024.31467819
693000	4026.56852357
694000	4028.23317901
695000	4030.29452824
696000	4032.63371803
697000	4033.97446576
698000	4036.14160456
699000	4038.46654052
700000	4040.02664848
701000	4042.24212554
702000	4044.25651923
703000	4046.30946778
704000	4047.64270611
705000	4049.5745285
706000	4051.61677505
707000	4053.25891205
708000	4055.14409923
709000	4056.82983935
710000	4058.53044114
711000	4059.92822122
712000	4061.26193734
713000	4062.89997449
714000	4064.85395803
715000	4066.93237043
716000	4069.14769217
717000	4070.74642225
718000	4072.57571828
719000	4074.36174169
720000	4075.68876943
721000	4077.68232992
722000	4079.70245431
723000	4081.15500207
724000	4083.14378888
725000	4085.47410254
726000	4087.71777005
727000	4089.25288716
728000	4090.74351578
729000	4092.69664097
730000	4094.20360793
731000	4095.93363477
732000	4097.95624605
733000	4100.34365022
734000	4101.81219494
735000	4103.7635931
736000	4105.62631529
737000	4107.12654079
738000	4109.22666527
739000	4111.09252581
740000	4112.76592704
741000	4114.51422027
742000	4116.6694999
743000	4118.01336541
744000	4119.20603467
745000	4120.82945696
746000	4122.63666559
747000	4124.34011732
748000	4125.57594234
749000	4127.1917832
750000	4129.09759324
751000	4130.8655618
752000	4132.55921407
753000	4134.48780428
754000	4136.29255567
755000	4138.5970614
756000	4140.41480599
757000	4142.0514241
758000	4143.5686641
759000	4145.67589034
760000	4147.36484439
761000	4149.22794572
762000	4151.25769818
763000	4153.29032197
764000	4154.83549006
765000	4157.05354828
766000	4158.52777443
767000	4160.19497775
768000	4161.58154556
769000	4163.14249489
770000	4164.85629021
771000	4166.33975496
772000	4168.31728668
773000	4169.96010262
774000	4171.71889133
775000	4173.3975958
776000	4175.07720818
777000	4176.82606951
778000	4178.57658154
779000	4180.69329617
780000	4182.7128828
781000	4184.71094668
782000	4186.15083546
783000	4187.8466577
784000	4189.66208538
785000	4191.31042495
786000	4193.03412652
787000	4194.40826656
788000	4195.90110027
789000	4197.2365957
790000	4198.95466183
791000	4200.5118828
792000	4202.23208064
793000	4203.84815882
794000	4205.93841864
795000	4207.66840195
796000	4209.2952553
797000	4210.85529944
798000	4212.31100819
799000	4213.89353296
800000	4215.13836601
801000	4216.94304171
802000	4218.54980401
803000	4220.09044174
804000	4222.02871126
805000	4223.53622697
806000	4225.30211935
807000	4226.86280132
808000	4229.10540817
809000	4230.74075324
810000	4232.51986724
811000	4234.42422643
812000	4236.22621099
813000	4237.54053305
814000	4239.31924887
815000	4241.17837317
816000	4242.86113286
817000	4244.87596451
818000	4247.00384615
819000	4248.34376994
820000	4249.67823693
821000	4251.26398675
822000	4253.25091985
823000	4254.96935583
824000	4256.6638142
825000	4258.12104187
826000	4259.53754108
827000	4261.3329245
828000	4262.90980669
829000	4264.47841239
830000	4266.31645273
831000	4268.27485978
832000	4269.57060754
833000	4271.02657823
834000	4272.74918036
835000	4274.53484824
836000	4276.17994868
837000	4277.87499587
838000	4280.09739742
839000	4281.66329405
840000	4283.73930461
841000	4285.40315322
842000	4286.84903125
843000	4288.50820404
844000	4290.09880773
845000	4291.69335873
846000	4293.3744479
847000	4294.84680756
848000	4296.33253377
849000	4297.54016944
850000	4299.09169473
851000	4300.66096386
852000	4302.37825345
853000	4304.25857465
854000	4305.61027625
855000	4307.04435233
856000	4308.59526107
857000	4310.31857286
858000	4311.34485417
859000	4312.96012365
860000	4314.9532055
861000	4316.57786379
862000	4317.79578061
863000	4319.26013655
864000	4320.41155747
865000	4321.96065474
866000	4323.66210325
867000	4325.2369847
868000	4326.43234015
869000	4327.80833908
870000	4329.17708432
871000	4330.85790717
872000	4332.50259568
873000	4334.33415108
874000	4336.00296844
875000	4338.22627185
876000	4339.69595068
877000	4341.08296116
878000	4342.77421849
879000	4344.45159004
880000	4345.91825115
881000	4347.59489139
882000	4348.57254838
883000	4350.26734919
884000	4351.42181221
885000	4352.9397395
886000	4354.45747372
887000	4355.75453105
888000	4357.39966974
889000	4359.12245098
890000	4360.65401653
891000	4362.22993824
892000	4363.52501364
893000	4365.04012354
894000	4366.38905111
895000	4367.75566759
896000	4369.08761926
897000	4370.84420003
898000	4372.6854753
899000	4374.4757996
900000	4376.27064084
901000	4377.83283703
902000	4379.46166277
903000	4380.90457624
904000	4381.99703366
905000	4383.63779451
906000	4384.94480625
907000	4386.66567454
908000	4387.8526275
909000	4389.22243397
910000	4390.7435745
911000	4392.73915296
912000	4394.30561452
913000	4395.83903449
914000	4397.28458539
915000	4398.85864354
916000	4400.26501661
917000	4401.93679776
918000	4403.21530389
919000	4404.63687631
920000	4406.04190111
921000	4407.34338665
922000	4408.49229263
923000	4410.27055183
924000	4411.65355813
925000	4413.04375184
926000	4414.59685734
927000	4416.22666534
928000	4417.67308096
929000	4419.16193708
930000	4420.6948025
931000	4422.19420064
932000	4424.04676467
933000	4425.66466056
934000	4427.34835371
935000	4428.55438428
936000	4429.65155933
937000	4430.9991514
938000	4432.24146085
939000	4433.77455524
940000	4435.26611954
941000	4436.73267288
942000	4438.16663948
943000	4439.64991846
944000	4441.30989708
945000	4443.08593144
946000	4444.57060257
947000	4445.86977398
948000	4447.35180447
949000	4448.96289034
950000	4450.65202297
951000	4452.01026539
952000	4453.73640535
953000	4455.14589249
954000	4456.36053899
955000	4457.51872683
956000	4458.90606698
957000	4460.20034876
958000	4461.1746161
959000	4462.91857218
960000	4463.84545643
961000	4465.29005703
962000	4466.48478462
963000	4467.85863253
964000	4468.95584454
965000	4470.12259285
966000	4471.31797251
967000	4472.72553187
968000	4474.37329284
969000	4476.04037547
970000	4477.44367932
971000	4478.77425421
972000	4480.22553231
973000	4481.39831062
974000	4482.85885466
975000	4483.93089532
976000	4485.13302057
977000	4486.77094491
978000	4488.16530175
979000	4489.88728541
980000	4491.46615705
981000	4492.60607037
982000	4493.62978179
983000	4495.23832659
984000	4496.95940938
985000	4498.02025225
986000	4499.31602988
987000	4500.78040938
988000	4502.20664504
989000	4503.87648264
990000	4505.2670879
991000	4506.53447542
992000	4507.98653932
993000	4509.38779511
994000	4510.7275605
995000	4511.86875119
996000	4512.92570212
997000	4514.19192484
998000	4515.61777936
999000	4516.51225154
1000000	4518.23616018
1001000	4519.86228883
1002000	4521.14368519
1003000	4522.76451069
1004000	4524.07742963
1005000	4525.39425282
1006000	4526.71963519
1007000	4527.74255584
1008000	4529.15051689
1009000	4530.62988483
1010000	4532.09779757
1011000	4533.61045933
1012000	4534.929766
1013000	4536.67350868
1014000	4537.69312788
1015000	4539.20003219
1016000	4540.95827489
1017000	4542.44563366
1018000	4543.96754445
1019000	4545.29468568
1020000	4546.92872529
1021000	4548.1996783
1022000	4549.66122269
1023000	4550.94595062
1024000	4552.41554753
1025000	4553.72736418
1026000	4555.05371762
1027000	4556.67164223
1028000	4558.25367217
1029000	4559.58326045
1030000	4560.69607772
1031000	4561.91343784
1032000	4563.21264713
1033000	4564.40439413
1034000	4565.58688994
1035000	4566.77249146
1036000	4567.92795633
1037000	4569.42996078
1038000	4570.33656695
1039000	4571.73583692
1040000	4573.3730513
1041000	4574.84177601
1042000	4576.40722624
1043000	4577.89566128
1044000	4579.31619636
1045000	4580.7690524
1046000	4581.92970885
1047000	4583.23146169
1048000	4584.64616921
1049000	4585.83376776
1050000	4587.02730752
1051000	4588.52502304
1052000	4589.87189022
1053000	4591.24376945
1054000	4592.81647159
1055000	4594.05089055
1056000	4595.17295425
1057000	4596.92274612
1058000	4597.97740037
1059000	4599.20490497
1060000	4600.64771867
1061000	4601.99094163
1062000	4603.29928948
1063000	4604.89489486
1064000	4605.65297984
1065000	4606.82577834
1066000	4608.11609169
1067000	4609.68272661
1068000	4611.00555278
1069000	4611.8473237
1070000	4613.21870938
1071000	4614.53757397
1072000	4615.92011914
1073000	4617.02550338
1074000	4618.2448034
1075000	4619.46871941
1076000	4620.63384674
1077000	4621.88765804
1078000	4622.65501449
1079000	4624.07576202
1080000	4625.67193989
1081000	4626.87227166
1082000	4628.20008075
1083000	4629.63348205
1084000	4630.81814391
1085000	4632.59635909
1086000	4633.82698238
1087000	4635.20738029
1088000	4636.34935505
1089000	4637.35923763
1090000	4638.59201524
1091000	4639.66627125
1092000	4640.43946059
1093000	4641.59922712
1094000	4642.66445827
1095000	4643.64827844
1096000	4644.844281
1097000	4646.3471219
1098000	4647.47100216
1099000	4648.34386517
1100000	4649.80000453
1101000	4651.13445232
1102000	4652.31966175
1103000	4653.70139608
1104000	4655.33544858
1105000	4656.83673743
1106000	4657.83388902
1107000	4659.20854212
1108000	4660.41361837
1109000	4661.16260886
1110000	4662.33011772
1111000	4663.60273985
1112000	4665.03463282
1113000	4666.07948557
1114000	4667.02245391
1115000	4668.13120232
1116000	4669.15996812
1117000	4670.61315357
1118000	4672.1581783
1119000	4673.14361538
1120000	4674.37472334
1121000	4675.64910619
1122000	4676.93138595
1123000	4678.37652676
1124000	4680.07321777
1125000	4681.16357807
1126000	4682.54301711
1127000	4683.60062865
1128000	4684.65522681
1129000	4685.76764679
1130000	4686.76290582
1131000	4688.08157464
1132000	4689.168949
1133000	4690.05488316
1134000	4691.28011471
1135000	4692.6021608
1136000	4693.7904691
1137000	4695.36173398
1138000	4696.89395399
1139000	4698.43803336
1140000	4699.80352886
1141000	4700.83708134
1142000	4701.7416252
1143000	4702.90553329
1144000	4704.39249416
1145000	4705.46256707
1146000	4706.68251074
1147000	4708.00044319
1148000	4709.02859182
1149000	4710.18167377
1150000	4711.24787424
1151000	4712.75747409
1152000	4714.10771954
1153000	4715.44925659
1154000	4716.31577602
1155000	4717.58299991
1156000	4718.8953218
1157000	4719.85424918
1158000	4721.0774745
1159000	4722.06834623
1160000	4723.35827127
1161000	4724.67026433
1162000	4725.68506987
1163000	4727.01831399
1164000	4728.10278539
1165000	4728.935433
1166000	4730.24895714
1167000	4731.47264386
1168000	4732.69021653
1169000	4733.59991823
1170000	4734.71633036
1171000	4736.09172037
1172000	4737.10558216
1173000	4738.32369557
1174000	4739.648657
1175000	4740.36101187
1176000	4741.31945247
1177000	4742.55925374
1178000	4743.33797717
1179000	4744.29053744
1180000	4745.32462306
1181000	4746.48049915
1182000	4748.08694944
1183000	4749.52961593
1184000	4750.56967324
1185000	4751.49194125
1186000	4752.85881468
1187000	4754.42516719
1188000	4755.51584431
1189000	4756.61417946
1190000	4757.90471235
1191000	4759.09803168
1192000	4760.1521322
1193000	4761.20757785
1194000	4762.35339995
1195000	4763.46160023
1196000	4764.37208782
1197000	4765.30285836
1198000	4766.43065821
1199000	4767.53296836
1200000	4768.52081506
1201000	4770.0187495
1202000	4771.21970003
1203000	4772.22721239
1204000	4773.40328485
1205000	4774.45083729
1206000	4775.45051999
1207000	4776.46976044
1208000	4777.66992664
1209000	4778.73979974
1210000	4779.85523524
1211000	4780.49551816
1212000	4781.92753237
1213000	4783.15999996
1214000	4784.21752453
1215000	4785.70463753
1216000	4786.5765479
1217000	4787.42765982
1218000	4788.52957847
1219000	4789.84789365
1220000	4791.22174889
1221000	4792.21104594
1222000	4793.59507208
1223000	4794.67277494
1224000	4795.7752509
1225000	4797.01355904
1226000	4798.21808732
1227000	4799.3250081
1228000	4800.41709224
1229000	4801.67672061
1230000	4802.82515193
1231000	4803.73287745
1232000	4804.40453754
1233000	4805.3814608
1234000	4806.85642557
1235000	4807.64604921
1236000	4808.69900816
1237000	4810.00326391
1238000	4811.13582043
1239000	4812.31262795
1240000	4813.52389813
1241000	4814.52701499
1242000	4815.47633716
1243000	4816.70371263
1244000	4818.02654379
1245000	4818.90916123
1246000	4820.00542546
1247000	4821.24053889
1248000	4822.32071637
1249000	4823.25869708
1250000	4824.50329897
1251000	4825.85634561
1252000	4827.24803134
1253000	4828.22554786
1254000	4829.26466793
1255000	4830.42504961
1256000	4831.40095587
1257000	4832.31963061
1258000	4833.72242898
1259000	4834.55710999
1260000	4835.58527808
1261000	4836.90465481
1262000	4838.07259554
1263000	4839.00005214
1264000	4839.93358477
1265000	4841.24571391
1266000	4842.25120429
1267000	4843.16927588
1268000	4844.49296373
1269000	4845.42499466
1270000	4846.38808111
1271000	4847.87243794
1272000	4848.96464097
1273000	4849.93749085
1274000	4850.79133792
1275000	4851.64174334
1276000	4853.09220687
1277000	4853.86246988
1278000	4854.73971969
1279000	4855.34912471
1280000	4856.55337901
1281000	4857.73606533
1282000	4858.97857723
1283000	4859.55122473
1284000	4860.66302724
1285000	4861.34127903
1286000	4862.63964125
1287000	4863.76009058
1288000	4864.69046172
1289000	4865.81586756
1290000	4866.55966086
1291000	4867.59555674
1292000	4868.61359931
1293000	4869.94551417
1294000	4871.05959661
1295000	4871.78063933
1296000	4872.64615276
1297000	4873.26833558
1298000	4874.24005527
1299000	4875.33720146
1300000	4876.31390648
1301000	4877.25936565
1302000	4878.06346818
1303000	4879.13559534
1304000	4880.17061195
1305000	4881.39362398
1306000	4882.32132214
1307000	4883.08789633
1308000	4884.07359583
1309000	4885.22739314
1310000	4886.11295633
1311000	4887.17981813
1312000	4888.50666189
1313000	4889.85790166
1314000	4890.72125118
1315000	4892.03551528
1316000	4893.14513182
1317000	4894.18566435
1318000	4895.10431024
1319000	4896.79193018
1320000	4897.84470452
1321000	4898.76047604
1322000	4899.81698385
1323000	4900.81020739
1324000	4902.34847182
1325000	4903.82539709
1326000	4904.71384441
1327000	4905.89027978
1328000	4906.94042739
1329000	4908.34862313
1330000	4909.81165926
1331000	4910.88969252
1332000	4912.38003748
1333000	4913.29086772
1334000	4914.42000785
1335000	4915.3660057
1336000	4916.26072055
1337000	4916.87899914
1338000	4918.13681274
1339000	4919.49155253
1340000	4920.3601874
1341000	4921.45829024
1342000	4922.51355312
1343000	4923.24558291
1344000	4924.38990801
1345000	4925.59663897
1346000	4926.17135408
1347000	4927.28948301
1348000	4928.22113838
1349000	4929.22137885
1350000	4930.04336754
1351000	4931.06928043
1352000	4932.05265498
1353000	4933.35734558
1354000	4934.29144815
1355000	4935.25391857
1356000	4936.31374668
1357000	4937.63529317
1358000	4938.59519641
1359000	4939.47535125
1360000	4940.21090334
1361000	4941.0548474
1362000	4941.99596651
1363000	4942.82863562
1364000	4943.84858281
1365000	4945.13967485
1366000	4946.3658836
1367000	4947.58050642
1368000	4948.24556207
1369000	4949.09826231
1370000	4950.07354189
1371000	4951.05391504
1372000	4952.05609718
1373000	4953.23116694
1374000	4954.28160518
1375000	4955.31526765
1376000	4956.38503955
1377000	4957.2157365
1378000	4958.50879711
1379000	4959.53664619
1380000	4960.59721298
1381000	4961.71745413
1382000	4962.85901666
1383000	4963.84799757
1384000	4964.64056093
1385000	4965.78965092
1386000	4967.005107
1387000	4968.15826727
1388000	4969.14714126
1389000	4969.81507844
1390000	4970.71645991
1391000	4971.76217277
1392000	4973.11218458
1393000	4974.13103794
1394000	4975.54013496
1395000	4976.4695287
1396000	4977.30182471
1397000	4978.55569862
1398000	4979.57478345
1399000	4980.50957491
1400000	4981.73440446
1401000	4982.60543281
1402000	4983.73558351
1403000	4984.78883626
1404000	4985.80325532
1405000	4986.51737459
1406000	4987.60492612
1407000	4988.60014855
1408000	4989.76843529
1409000	4990.81389724
1410000	4992.12453175
1411000	4993.02559459
1412000	4994.23265189
1413000	4995.28230784
1414000	4996.08383284
1415000	4997.12153791
1416000	4998.2506935
1417000	4998.86055746
1418000	4999.45171382
1419000	5000.28761236
1420000	5001.2355402
1421000	5002.39630489
1422000	5003.42015909
1423000	5004.50804814
1424000	5005.51064784
1425000	5006.40069056
1426000	5007.24488338
1427000	5008.36957306
1428000	5009.38482868
1429000	5010.14442447
1430000	5011.13121055
1431000	5012.2007008
1432000	5013.09477328
1433000	5013.98704339
1434000	5015.05757991
1435000	5015.91686044
1436000	5016.54269989
1437000	5017.89441449
1438000	5019.09629206
1439000	5020.13530531
1440000	5021.17005425
1441000	5021.65185553
1442000	5022.69032818
1443000	5023.72904795
1444000	5024.93540685
1445000	5025.86165962
1446000	5026.98667947
1447000	5028.1177386
1448000	5029.0657259
1449000	5030.12910664
1450000	5031.22591479
1451000	5032.05786722
1452000	5032.86077877
1453000	5033.8942227
1454000	5034.9902215
1455000	5035.96345511
1456000	5037.02815234
1457000	5038.56623474
1458000	5039.45569915
1459000	5040.175181
1460000	5041.6217151
1461000	5042.74578636
1462000	5043.87811434
1463000	5044.95337101
1464000	5045.95980872
1465000	5046.92149217
1466000	5047.8766501
1467000	5048.86249433
1468000	5049.75616531
1469000	5050.66669618
1470000	5051.60213037
1471000	5052.36609482
1472000	5053.26520879
1473000	5053.9599593
1474000	5054.66569348
1475000	5055.42186055
1476000	5056.24398299
1477000	5057.00679137
1478000	5058.22427605
1479000	5059.28848082
1480000	5060.51231028
1481000	5061.25804606
1482000	5062.17911262
1483000	5063.3093463
1484000	5064.25347429
1485000	5065.0104066
1486000	5065.73770116
1487000	5066.7257213
1488000	5067.55244132
1489000	5068.86859156
1490000	5069.68485093
1491000	5070.84288188
1492000	5071.70026609
1493000	5072.95956399
1494000	5073.81076992
1495000	5074.6858323
1496000	5075.68054528
1497000	5076.72550356
1498000	5077.68101029
1499000	5078.57398205
1500000	5079.60564945
1501000	5080.46254787
1502000	5081.3405367
1503000	5082.13531493
1504000	5083.1110925
1505000	5083.84915437
1506000	5084.64662233
1507000	5085.62831104
1508000	5086.77046402
1509000	5087.50858697
1510000	5088.23240504
1511000	5089.17629543
1512000	5090.54870146
1513000	5091.35162097
1514000	5092.25709408
1515000	5093.3068472
1516000	5094.43520055
1517000	5095.45792307
1518000	5096.24624618
1519000	5097.18153913
1520000	5097.9157495
1521000	5099.06233032
1522000	5099.87553585
1523000	5100.67525226
1524000	5101.78977296
1525000	5102.55641199
1526000	5103.66676858
1527000	5104.43045434
1528000	5105.42143892
1529000	5106.4368965
1530000	5107.69797556
1531000	5108.60892137
1532000	5109.38807137
1533000	5110.21476254
1534000	5111.03202731
1535000	5111.91561894
1536000	5112.68860781
1537000	5113.78552867
1538000	5114.75654886
1539000	5115.68576016
1540000	5116.43541142
1541000	5117.56855178
1542000	5118.45688601
1543000	5119.22847916
1544000	5120.10036876
1545000	5120.93284085
1546000	5121.84668093
1547000	5122.91599512
1548000	5123.98497858
1549000	5124.63901471
1550000	5125.57576742
1551000	5126.25913852
1552000	5127.08781067
1553000	5128.17424448
1554000	5128.90649518
1555000	5130.0131011
1556000	5130.90018278
1557000	5132.11952947
1558000	5132.90088026
1559000	5133.91502132
1560000	5135.08342558
1561000	5135.79632706
1562000	5137.35883714
1563000	5138.06817928
1564000	5138.91201901
1565000	5139.48843968
1566000	5140.2484582
1567000	5141.45410342
1568000	5142.35737308
1569000	5143.32686371
1570000	5144.20015341
1571000	5144.86486412
1572000	5145.69314666
1573000	5146.86567503
1574000	5147.68270023
1575000	5148.6360884
1576000	5149.49428693
1577000	5150.54252282
1578000	5151.4709823
1579000	5152.39433332
1580000	5153.60257296
1581000	5154.33968473
1582000	5155.41703237
1583000	5156.17400236
1584000	5156.87932068
1585000	5157.7356425
1586000	5158.37127569
1587000	5159.26353509
1588000	5159.89752591
1589000	5160.85470046
1590000	5162.23364252
1591000	5163.20056684
1592000	5163.86326281
1593000	5164.6797103
1594000	5165.50756847
1595000	5166.4534536
1596000	5167.71664487
1597000	5168.55417394
1598000	5169.39038341
1599000	5170.11953109
1600000	5170.87331998
1601000	5171.76198996
1602000	5172.80352219
1603000	5173.86287758
1604000	5175.03564589
1605000	5175.95414535
1606000	5176.95909146
1607000	5177.81237371
1608000	5178.78744206
1609000	5179.73303207
1610000	5180.67219819
1611000	5181.67142132
1612000	5182.75503158
1613000	5183.62511557
1614000	5184.26393836
1615000	5185.24196344
1616000	5186.06382552
1617000	5186.87408902
1618000	5187.84498411
1619000	5188.54335971
1620000	5189.06650943
1621000	5189.92908781
1622000	5190.51040529
1623000	5191.29861727
1624000	5192.2580864
1625000	5193.42009846
1626000	5194.26057038
1627000	5195.6120719
1628000	5196.54387542
1629000	5197.69041051
1630000	5198.58669902
1631000	5199.42283824
1632000	5200.33365934
1633000	5201.15639257
1634000	5202.16396857
1635000	5203.14128496
1636000	5204.19996649
1637000	5205.18545699
1638000	5205.78931247
1639000	5206.71852148
1640000	5207.79884306
1641000	5208.45706437
1642000	5209.54998124
1643000	5210.48294411
1644000	5211.311675
1645000	5212.00237737
1646000	5212.79382679
1647000	5213.6804391
1648000	5214.47451661
1649000	5215.23621822
1650000	5215.76749254
1651000	5216.29029397
1652000	5217.0315118
1653000	5218.16620867
1654000	5219.19221276
1655000	5220.18488337
1656000	5221.19374026
1657000	5221.95239746
1658000	5223.1338014
1659000	5224.00651057
1660000	5224.6567024
1661000	5225.85129028
1662000	5226.44755116
1663000	5227.46910241
1664000	5228.45385809
1665000	5228.97425982
1666000	5229.87108526
1667000	5230.67670399
1668000	5231.50373976
1669000	5232.36974877
1670000	5233.22448068
1671000	5233.98592235
1672000	5235.37421027
1673000	5236.0685813
1674000	5237.25706418
1675000	5238.19416087
1676000	5238.92306953
1677000	5239.53948961
1678000	5240.49175254
1679000	5240.98876337
1680000	5241.90998685
1681000	5242.63257468
1682000	5243.52716921
1683000	5244.26768925
1684000	5245.13533362
1685000	5245.98243024
1686000	5246.93822044
1687000	5247.93293929
1688000	5248.93985266
1689000	5250.20735658
1690000	5251.0225448
1691000	5251.89424345
1692000	5252.55358777
1693000	5253.26192958
1694000	5253.91712166
1695000	5254.58761657
1696000	5255.19424615
1697000	5256.06307036
1698000	5256.55920795
1699000	5257.52327409
1700000	5258.0246837
1701000	5259.07188053
1702000	5259.9532751
1703000	5260.74858077
1704000	5261.3525254
1705000	5262.08439048
1706000	5263.02523131
1707000	5263.9420555
1708000	5265.05009006
1709000	5266.20487335
1710000	5267.11402663
1711000	5267.74952441
1712000	5268.60269318
1713000	5269.43181257
1714000	5270.25761838
1715000	5270.90995026
1716000	5271.92820875
1717000	5272.59249553
1718000	5273.27198533
1719000	5274.22692307
1720000	5275.16396854
1721000	5275.64067404
1722000	5276.25475902
1723000	5277.15933017
1724000	5278.05463046
1725000	5278.85313211
1726000	5279.66596916
1727000	5280.59374897
1728000	5281.65486362
1729000	5282.31362892
1730000	5282.94580382
1731000	5283.91841465
1732000	5284.6450638
1733000	5285.51402618
1734000	5286.58501492
1735000	5287.37926927
1736000	5288.10754399
1737000	5289.05869395
1738000	5289.90882889
1739000	5290.75430372
1740000	5291.56240197
1741000	5292.55188549
1742000	5293.38855909
1743000	5294.06060873
1744000	5294.831919
1745000	5295.52424916
1746000	5296.32684737
1747000	5297.16698006
1748000	5297.96833771
1749000	5298.92657098
1750000	5299.70561921
1751000	5300.46755766
1752000	5301.19127954
1753000	5302.03725247
1754000	5302.51728428
1755000	5303.72485313
1756000	5304.60186976
1757000	5305.26753348
1758000	5306.05387396
1759000	5306.71717229
1760000	5307.43828236
1761000	5308.3138058
1762000	5308.96034636
1763000	5309.85279244
1764000	5310.34882921
1765000	5311.1810658
1766000	5311.94148238
1767000	5312.78951642
1768000	5313.43962629
1769000	5314.32620759
1770000	5314.98275919
1771000	5316.08575272
1772000	5317.0832104
1773000	5317.90557248
1774000	5318.69564417
1775000	5319.45994307
1776000	5320.46707675
1777000	5321.32125379
1778000	5322.12104005
1779000	5322.64041703
1780000	5323.40039847
1781000	5324.23271378
1782000	5325.11095813
1783000	5325.79200082
1784000	5326.5017323
1785000	5327.2197035
1786000	5328.41307667
1787000	5329.28918751
1788000	5330.16069909
1789000	5330.95467657
1790000	5331.49106291
1791000	5332.33304708
1792000	5332.92009588
1793000	5333.62231641
1794000	5334.58913502
1795000	5335.52035411
1796000	5336.38553387
1797000	5337.09137726
1798000	5338.07436494
1799000	5338.64283162
1800000	5339.41048619
1801000	5340.14716968
1802000	5340.87099085
1803000	5341.47426474
1804000	5342.37720908
1805000	5343.06322666
1806000	5343.76379036
1807000	5344.62801848
1808000	5345.52059882
1809000	5346.23729904
1810000	5346.79505873
1811000	5347.58696496
1812000	5348.10463718
1813000	5349.48957695
1814000	5350.25327777
1815000	5350.79397493
1816000	5351.6182095
1817000	5352.40244629
1818000	5353.27290921
1819000	5354.25880052
1820000	5355.33041928
1821000	5356.11911923
1822000	5357.06196592
1823000	5357.88926887
1824000	5358.74962804
1825000	5359.49700576
1826000	5360.1757308
1827000	5360.97244299
1828000	5361.56442478
1829000	5362.20355232
1830000	5363.07171951
1831000	5364.09395544
1832000	5365.03439689
1833000	5365.9753565
1834000	5367.07837714
1835000	5367.78671501
1836000	5368.49919955
1837000	5369.32114803
1838000	5369.83102563
1839000	5370.71374227
1840000	5371.65421108
1841000	5372.55317006
1842000	5373.08487597
1843000	5373.8054147
1844000	5374.66697606
1845000	5375.49318708
1846000	5376.42674512
1847000	5377.0343388
1848000	5377.9637892
1849000	5378.64538412
1850000	5379.5152987
1851000	5380.47182028
1852000	5381.12923303
1853000	5381.81868578
1854000	5382.22706255
1855000	5383.22908605
1856000	5383.94456536
1857000	5384.60990342
1858000	5385.58946061
1859000	5386.53162797
1860000	5387.53261379
1861000	5388.1439966
1862000	5389.41132292
1863000	5390.32227919
1864000	5390.9891581
1865000	5391.76217073
1866000	5392.38341076
1867000	5393.09706485
1868000	5393.91673957
1869000	5394.74505426
1870000	5395.8658273
1871000	5396.71006456
1872000	5397.71215676
1873000	5398.62089493
1874000	5399.28415099
1875000	5400.14459673
1876000	5400.67866413
1877000	5401.35880754
1878000	5402.2104722
1879000	5402.87877417
1880000	5403.70930182
1881000	5404.6595583
1882000	5405.54360655
1883000	5406.38222395
1884000	5407.31595288
1885000	5408.10109907
1886000	5408.93221127
1887000	5409.68148186
1888000	5410.46409135
1889000	5411.36900144
1890000	5412.16095995
1891000	5413.03858575
1892000	5413.62450928
1893000	5414.38812876
1894000	5415.17873865
1895000	5415.9486744
1896000	5416.74627591
1897000	5417.62648898
1898000	5418.48334589
1899000	5419.23252258
1900000	5419.99502695
1901000	5420.9054081
1902000	5421.68939696
1903000	5422.57814907
1904000	5423.18900225
1905000	5424.05663216
1906000	5424.59270264
1907000	5425.38725932
1908000	5426.05627403
1909000	5426.62177434
1910000	5427.70737701
1911000	5428.574537
1912000	5429.33226964
1913000	5430.27365161
1914000	5430.84368676
1915000	5431.80977891
1916000	5432.38495993
1917000	5433.08517584
1918000	5433.80347138
1919000	5434.56323981
1920000	5435.31823719
1921000	5436.17996213
1922000	5437.04058002
1923000	5437.69118189
1924000	5438.25978858
1925000	5438.84448819
1926000	5439.53401126
1927000	5440.49621701
1928000	5441.68349721
1929000	5442.61890778
1930000	5443.27533653
1931000	5444.12943265
1932000	5444.90654432
1933000	5445.70080973
1934000	5446.45883464
1935000	5447.18899186
1936000	5448.01873814
1937000	5448.62474978
1938000	5449.6958378
1939000	5450.33728507
1940000	5451.13619152
1941000	5451.95275519
1942000	5452.6929456
1943000	5453.57903927
1944000	5454.11419091
1945000	5454.66641151
1946000	5455.15475329
1947000	5456.10372365
1948000	5456.5781801
1949000	5457.0777051
1950000	5457.79675583
1951000	5458.80224459
1952000	5459.69874118
1953000	5460.60012438
1954000	5461.18825009
1955000	5461.87683666
1956000	5462.5831073
1957000	5463.42731793
1958000	5464.24782152
1959000	5465.03367669
1960000	5465.6760281
1961000	5466.46699843
1962000	5467.01983274
1963000	5467.73973357
1964000	5468.3717687
1965000	5469.10875243
1966000	5469.86835801
1967000	5470.63688546
1968000	5471.33718744
1969000	5472.11329747
1970000	5472.69493743
1971000	5473.53846584
1972000	5474.18729729
1973000	5474.84590204
1974000	5475.41292457
1975000	5476.14736631
1976000	5477.25323326
1977000	5477.97576523
1978000	5478.66871498
1979000	5479.48692829
1980000	5480.52804838
1981000	5481.58693792
1982000	5482.5657604
1983000	5483.12799742
1984000	5483.81517451
1985000	5484.53552199
1986000	5485.11686861
1987000	5486.03667059
1988000	5486.59510493
1989000	5487.36757032
1990000	5487.97410975
1991000	5488.82238654
1992000	5489.3216578
1993000	5490.0197735
1994000	5490.37487952
1995000	5491.02836242
1996000	5491.73279386
1997000	5492.56880977
1998000	5493.39864631
1999000	4455.22721496
2000000	3373.50085163
