1000	58.3194106226
2000	114.286490662
3000	171.084464232
4000	225.500195816
5000	278.697684454
6000	332.019219433
7000	384.69903138
8000	438.499677576
9000	492.35118257
10000	546.63951529
11000	599.065384161
12000	653.099534808
13000	707.014427117
14000	759.941812462
15000	812.281485318
16000	862.59449978
17000	913.230408981
18000	966.361095098
19000	1017.89429953
20000	1069.28648362
21000	1120.34517008
22000	1172.4200028
23000	1222.80305126
24000	1273.06463649
25000	1321.64040681
26000	1369.59879277
27000	1419.21876346
28000	1470.43025031
29000	1518.57919362
30000	1569.38287426
31000	1619.80645698
32000	1667.33112051
33000	1717.88844603
34000	1767.75942144
35000	1817.91155036
36000	1870.4555956
37000	1919.77542599
38000	1971.56357684
39000	2019.95391155
40000	2069.6182071
41000	2117.95790404
42000	2167.30691152
43000	2216.22149494
44000	2266.48061677
45000	2315.37450423
46000	2365.47200556
47000	2413.6080988
48000	2462.49667495
49000	2513.28386531
50000	2562.7246619
51000	2613.17789445
52000	2662.04543273
53000	2711.03110319
54000	2760.68275988
55000	2811.5328582
56000	2858.38608281
57000	2905.97943088
58000	2954.67983101
59000	3004.72325564
60000	3053.3463076
61000	3101.83445813
62000	3149.41922488
63000	3198.44887015
64000	3247.39135651
65000	3296.31325479
66000	3345.89373125
67000	3397.37850938
68000	3445.01052
69000	3494.5847121
70000	3543.65748125
71000	3593.72843161
72000	3641.43147375
73000	3689.50065776
74000	3739.21155611
75000	3787.50805794
76000	3835.36729698
77000	3880.32632455
78000	3926.50482417
79000	3976.79191766
80000	4024.83031073
81000	4074.07964185
82000	4121.75368179
83000	4167.87164207
84000	4215.57115294
85000	4263.60277596
86000	4310.9607946
87000	4357.40768844
88000	4405.14927658
89000	4453.58508934
90000	4501.18485237
91000	4545.9831749
92000	4593.54393572
93000	4641.3256597
94000	4690.59780939
95000	4737.35506071
96000	4785.08143201
97000	4833.52344878
98000	4880.28858151
99000	4926.2046704
100000	4973.78085456
101000	5019.31542289
102000	5064.74400844
103000	5111.06872099
104000	5157.62375906
105000	5201.81376409
106000	5249.41148881
107000	5294.97838516
108000	5339.15706063
109000	5386.74444081
110000	5432.90624799
111000	5481.25721263
112000	5528.37888635
113000	5574.0393165
114000	5618.5810809
115000	5663.45872126
116000	5708.89570393
117000	5755.63874026
118000	5802.29603182
119000	5849.01954252
120000	5896.13900597
121000	5942.66396308
122000	5991.46906979
123000	6040.5678491
124000	6084.96412001
125000	6131.46024207
126000	6178.62780071
127000	6224.3156136
128000	6271.26573581
129000	6317.29748986
130000	6362.76129086
131000	6408.26419118
132000	6454.89186863
133000	6500.97532078
134000	6545.43761576
135000	6592.31012845
136000	6638.12247552
137000	6683.84065185
138000	6729.12169875
139000	6775.20435049
140000	6818.28679079
141000	6865.16817973
142000	6910.64536425
143000	6957.54198984
144000	7004.54873312
145000	7052.21703973
146000	7099.01187467
147000	7145.57425383
148000	7192.42838227
149000	7237.85290711
150000	7284.12183263
151000	7329.04675579
152000	7376.165625
153000	7422.19024101
154000	7466.58152731
155000	7511.32317257
156000	7558.62851568
157000	7604.54157792
158000	7650.92921785
159000	7696.66130277
160000	7741.86640592
161000	7785.94656782
162000	7830.0332863
163000	7874.88749144
164000	7919.85222718
165000	7964.3499712
166000	8007.92802591
167000	8053.71051104
168000	8100.29913663
169000	8145.92845626
170000	8189.34091503
171000	8234.90055058
172000	8279.89805989
173000	8324.70030426
174000	8367.70024565
175000	8414.61688666
176000	8459.74928348
177000	8505.45171989
178000	8549.07128789
179000	8592.40460739
180000	8637.69670871
181000	8683.22697089
182000	8728.56184427
183000	8771.24176727
184000	8817.31226073
185000	8861.74228734
186000	8903.96608108
187000	8948.96521658
188000	8994.88571637
189000	9038.76881302
190000	9083.27782402
191000	9124.95742725
192000	9169.33097245
193000	9216.31732721
194000	9261.59832309
195000	9305.741599
196000	9351.63935507
197000	9394.57197839
198000	9440.42066999
199000	9486.54664806
200000	9530.77565299
201000	9572.92516859
202000	9616.55082789
203000	9660.83386915
204000	9704.80265362
205000	9748.96087881
206000	9793.62578935
207000	9834.35422392
208000	9877.34165064
209000	9923.96186358
210000	9967.92204909
211000	10010.3737505
212000	10051.6694338
213000	10098.6148356
214000	10141.2812511
215000	10184.6838094
216000	10230.3100354
217000	10274.6650886
218000	10317.8511945
219000	10359.1569404
220000	10398.9053234
221000	10439.1388709
222000	10480.8217125
223000	10527.6500107
224000	10571.14919
225000	10617.5941986
226000	10666.0459693
227000	10708.1605007
228000	10751.011086
229000	10796.7704289
230000	10840.0098003
231000	10885.4684268
232000	10928.6406188
233000	10971.5837318
234000	11014.8663913
235000	11059.7885464
236000	11104.5589198
237000	11147.609378
238000	11191.0035283
239000	11234.5571776
240000	11277.2140312
241000	11317.7543927
242000	11361.2913305
243000	11404.9283547
244000	11446.4546726
245000	11489.9434464
246000	11533.4177607
247000	11576.958806
248000	11618.382569
249000	11659.0160266
250000	11703.3698922
251000	11746.0049109
252000	11788.1866331
253000	11832.8822995
254000	11876.5410801
255000	11918.2484967
256000	11960.3773739
257000	12001.3952171
258000	12044.4642063
259000	12085.8343587
260000	12130.3121321
261000	12172.8763463
262000	12217.0891898
263000	12259.8859788
264000	12302.6855428
265000	12347.0983432
266000	12390.6588966
267000	12433.5550216
268000	12476.2164681
269000	12519.8982941
270000	12560.7813204
271000	12602.4439544
272000	12643.7110659
273000	12685.4551035
274000	12727.4966457
275000	12768.1945808
276000	12810.2105835
277000	12854.9812477
278000	12896.7104919
279000	12938.5836258
280000	12980.3382445
281000	13020.9571312
282000	13065.8491582
283000	13106.2642181
284000	13147.9554298
285000	13187.691101
286000	13229.0284027
287000	13271.6470517
288000	13313.5571126
289000	13356.9705832
290000	13397.5741704
291000	13438.8168991
292000	13480.9366412
293000	13523.2474143
294000	13564.7511275
295000	13607.3615913
296000	13648.1080946
297000	13689.1138144
298000	13730.8707651
299000	13770.9395413
300000	13813.3975027
301000	13853.935542
302000	13894.4629447
303000	13936.0471243
304000	13977.8826626
305000	14019.5613199
306000	14061.8238694
307000	14103.5183086
308000	14144.6700464
309000	14187.1881606
310000	14229.7326598
311000	14270.5245171
312000	14312.3344721
313000	14353.3236837
314000	14396.2358796
315000	14438.3883676
316000	14480.6344848
317000	14522.0902056
318000	14562.2160721
319000	14604.0304052
320000	14645.7004807
321000	14688.7675889
322000	14730.0511272
323000	14769.722016
324000	14812.1695784
325000	14851.9852925
326000	14893.4015304
327000	14933.0877914
328000	14975.8460844
329000	15018.2386982
330000	15059.4051338
331000	15100.6974774
332000	15140.8727783
333000	15182.5861546
334000	15224.4525432
335000	15264.6473454
336000	15305.2838057
337000	15346.7808754
338000	15386.5092386
339000	15425.8303005
340000	15468.7263334
341000	15510.7268117
342000	15552.7720112
343000	15592.8896779
344000	15635.2762267
345000	15674.6797024
346000	15715.5780128
347000	15758.9982107
348000	15799.5565929
349000	15840.3587911
350000	15881.7994423
351000	15921.9702006
352000	15963.6571087
353000	16004.2023843
354000	16044.3934648
355000	16085.5655148
356000	16127.3283743
357000	16165.0172257
358000	16205.4465317
359000	16242.3113964
360000	16285.5099948
361000	16325.8765431
362000	16364.361806
363000	16405.767638
364000	16449.35535
365000	16489.6282711
366000	16530.4035498
367000	16570.2809644
368000	16610.4133218
369000	16651.3878674
370000	16691.4742161
371000	16731.5819369
372000	16773.8142974
373000	16816.5548217
374000	16857.3035839
375000	16896.9665402
376000	16937.5096905
377000	16975.2095632
378000	17017.0608626
379000	17059.0372509
380000	17097.9791434
381000	17140.4445251
382000	17181.4424002
383000	17223.493731
384000	17264.6583318
385000	17301.7898211
386000	17340.8077487
387000	17380.7983174
388000	17422.0354489
389000	17462.8765377
390000	17502.208521
391000	17542.8142084
392000	17582.8259708
393000	17619.8918496
394000	17659.7946385
395000	17699.234424
396000	17741.215261
397000	17778.2790098
398000	17817.1946151
399000	17857.1212453
400000	17893.9815825
401000	17933.1575699
402000	17970.7364824
403000	18008.8244112
404000	18047.4191759
405000	18088.4051517
406000	18128.8426594
407000	18169.120977
408000	18208.9742848
409000	18249.826653
410000	18289.2885428
411000	18329.4492459
412000	18369.8503235
413000	18409.2132863
414000	18445.0853359
415000	18482.1991172
416000	18520.9823795
417000	18556.9354456
418000	18595.71712
419000	18634.4906453
420000	18670.777151
421000	18708.2929178
422000	18747.4485509
423000	18786.7687583
424000	18825.5425572
425000	18863.9357352
426000	18903.0810128
427000	18944.0935485
428000	18983.5945465
429000	19018.8533468
430000	19059.8207835
431000	19096.5983196
432000	19136.5556923
433000	19174.7296866
434000	19213.8075854
435000	19251.5688353
436000	19289.6402544
437000	19330.4128943
438000	19368.4205387
439000	19406.5663597
440000	19445.6583053
441000	19483.5429117
442000	19521.3311028
443000	19558.6102293
444000	19596.2883419
445000	19634.4945451
446000	19675.9579141
447000	19715.1985992
448000	19754.1173679
449000	19791.7675073
450000	19829.3758529
451000	19867.0785574
452000	19906.8401791
453000	19944.5075512
454000	19982.5427403
455000	20020.1804183
456000	20059.9454893
457000	20099.7287078
458000	20135.9106912
459000	20172.2014181
460000	20211.7657503
461000	20247.1350418
462000	20282.0781863
463000	20320.3024367
464000	20360.3683017
465000	20400.028322
466000	20437.6420138
467000	20474.9901336
468000	20510.8337004
469000	20552.4123086
470000	20589.6111988
471000	20626.3262029
472000	20663.3700516
473000	20700.384419
474000	20737.6137562
475000	20772.77614
476000	20810.2292264
477000	20849.6914597
478000	20887.6004206
479000	20922.9269353
480000	20960.5084166
481000	20997.7625719
482000	21035.2905988
483000	21073.1048069
484000	21109.8344512
485000	21145.2538459
486000	21181.9490834
487000	21217.2739356
488000	21253.3849468
489000	21291.21992
490000	21331.6498459
491000	21367.8825855
492000	21407.2625602
493000	21445.7168945
494000	21479.7977879
495000	21516.9328378
496000	21552.5004793
497000	21588.995736
498000	21625.8230906
499000	21662.7337969
500000	21699.5482564
501000	21734.4083184
502000	21772.6788272
503000	21812.6523496
504000	21850.7835693
505000	21887.0179381
506000	21921.3644336
507000	21958.6242332
508000	21996.9132143
509000	22033.3473422
510000	22071.9744992
511000	22108.6256058
512000	22143.2556271
513000	22178.8044669
514000	22214.6680772
515000	22251.1287765
516000	22287.5344132
517000	22324.8509767
518000	22361.6424069
519000	22396.8304841
520000	22430.4678457
521000	22466.7012569
522000	22501.7731576
523000	22540.3524374
524000	22577.5899572
525000	22614.050885
526000	22651.7599865
527000	22685.289771
528000	22721.1975615
529000	22757.321298
530000	22792.7356344
531000	22830.0473832
532000	22863.2375586
533000	22898.3054633
534000	22931.9414867
535000	22965.1629593
536000	22999.1798121
537000	23034.3453848
538000	23071.1321666
539000	23108.3377933
540000	23142.7935519
541000	23178.3892799
542000	23215.4746391
543000	23252.6378965
544000	23288.1711142
545000	23322.0233899
546000	23358.1075009
547000	23393.3012805
548000	23428.1541156
549000	23463.9699975
550000	23500.6905013
551000	23535.682145
552000	23570.1293379
553000	23605.2148335
554000	23639.7072885
555000	23673.0042439
556000	23706.8149233
557000	23741.6145414
558000	23776.3518457
559000	23809.6643912
560000	23843.2542513
561000	23877.1295337
562000	23910.759291
563000	23947.1112057
564000	23982.890643
565000	24017.3350166
566000	24049.2466936
567000	24082.5543522
568000	24113.7414362
569000	24149.1391415
570000	24185.9766858
571000	24222.2381604
572000	24255.6954063
573000	24289.3212201
574000	24322.9875683
575000	24356.2368802
576000	24390.5077169
577000	24425.6707021
578000	24459.659146
579000	24493.4458997
580000	24527.7611599
581000	24562.5957305
582000	24594.5596996
583000	24628.3179951
584000	24661.0585567
585000	24694.9906168
586000	24730.3264559
587000	24762.9341521
588000	24795.1413198
589000	24828.6551484
590000	24862.84306
591000	24896.2955484
592000	24930.5656279
593000	24962.5336074
594000	24995.4003833
595000	25029.767087
596000	25062.7340485
597000	25095.2144489
598000	25128.2575553
599000	25161.7095555
600000	25195.3599944
601000	25228.5340395
602000	25263.1685606
603000	25296.1691091
604000	25328.3889594
605000	25361.343196
606000	25393.1105087
607000	25425.8197217
608000	25457.5307858
609000	25489.8084744
610000	25522.3810848
611000	25556.8762406
612000	25589.8881356
613000	25624.4607181
614000	25657.2905169
615000	25688.8315751
616000	25721.3825778
617000	25754.8118034
618000	25787.2044358
619000	25818.2690657
620000	25851.5933964
621000	25886.1702192
622000	25920.8268101
623000	25954.5051143
624000	25990.1623078
625000	26023.7759741
626000	26056.5581304
627000	26085.7136096
628000	26118.9947618
629000	26152.8096018
630000	26184.415946
631000	26215.8937635
632000	26248.2930651
633000	26282.0141882
634000	26315.5270616
635000	26348.8368774
636000	26379.390614
637000	26409.7694793
638000	26443.1706684
639000	26475.0683608
640000	26507.8264699
641000	26539.7851573
642000	26572.1922836
643000	26605.8886306
644000	26638.7554968
645000	26668.2667111
646000	26697.6747065
647000	26728.2938049
648000	26760.9661103
649000	26792.7998992
650000	26826.0343564
651000	26856.8294938
652000	26888.5721855
653000	26921.1992403
654000	26951.40246
655000	26984.0751271
656000	27016.138253
657000	27045.7587218
658000	27076.4940624
659000	27107.9235393
660000	27139.0890316
661000	27171.7616981
662000	27202.6092247
663000	27236.5004019
664000	27269.6402003
665000	27302.846044
666000	27333.7440832
667000	27363.8115891
668000	27392.5913959
669000	27422.3700194
670000	27452.7702478
671000	27485.6640492
672000	27516.1296236
673000	27547.0756964
674000	27577.3038233
675000	27608.0288416
676000	27639.5170365
677000	27672.1061345
678000	27704.2015233
679000	27735.7344992
680000	27769.0513052
681000	27797.2050146
682000	27827.8211618
683000	27858.5190116
684000	27887.9854812
685000	27914.84796
686000	27945.2777292
687000	27974.9907332
688000	28005.1701046
689000	28034.6513455
690000	28063.6018237
691000	28093.3539543
692000	28121.8564283
693000	28154.6610367
694000	28184.3115653
695000	28213.5095845
696000	28244.9888875
697000	28278.1930884
698000	28308.5480275
699000	28338.2739007
700000	28367.3540265
701000	28398.1078668
702000	28425.8783802
703000	28455.7761937
704000	28487.5268473
705000	28515.0570262
706000	28542.4751475
707000	28571.2376397
708000	28601.0620035
709000	28632.1037749
710000	28658.6047383
711000	28688.336514
712000	28717.2597546
713000	28745.9358563
714000	28776.7153749
715000	28807.0797777
716000	28835.3063809
717000	28861.5220366
718000	28888.8633162
719000	28917.8734367
720000	28946.6964365
721000	28976.6660477
722000	29005.8729421
723000	29034.3368634
724000	29062.0161043
725000	29088.0657629
726000	29117.7002048
727000	29147.1029748
728000	29176.0267174
729000	29207.1562184
730000	29238.0167977
731000	29267.0912551
732000	29297.8982584
733000	29324.9112835
734000	29355.4612311
735000	29386.3633154
736000	29414.1635532
737000	29444.3019845
738000	29472.5814176
739000	29500.4004089
740000	29527.1702267
741000	29554.2608986
742000	29583.9596607
743000	29612.9768682
744000	29642.0833226
745000	29671.251605
746000	29700.8542551
747000	29729.1646225
748000	29757.1868387
749000	29783.4835571
750000	29808.5635106
751000	29835.5785352
752000	29862.0871453
753000	29887.6716459
754000	29913.6658536
755000	29938.8267914
756000	29965.162412
757000	29995.4818627
758000	30023.8664838
759000	30053.0748371
760000	30080.7848072
761000	30108.1928414
762000	30133.3131578
763000	30161.3138477
764000	30188.44418
765000	30215.601656
766000	30243.2358439
767000	30272.484471
768000	30300.274667
769000	30326.7667332
770000	30353.5163702
771000	30379.5927801
772000	30407.8613063
773000	30437.6863909
774000	30466.0415868
775000	30491.973134
776000	30518.5262384
777000	30544.3262586
778000	30570.6824037
779000	30596.9857758
780000	30625.0093945
781000	30655.0530273
782000	30682.6275062
783000	30708.4851167
784000	30735.6972077
785000	30764.5654424
786000	30791.0554905
787000	30819.0683016
788000	30845.5365225
789000	30871.3377103
790000	30900.2092009
791000	30924.6920989
792000	30951.1460652
793000	30977.5608403
794000	31003.7139047
795000	31027.1764408
796000	31053.2759091
797000	31079.4112651
798000	31107.1047956
799000	31135.6473513
800000	31161.020856
801000	31188.0385546
802000	31215.9631708
803000	31241.3743529
804000	31267.3400181
805000	31293.0994696
806000	31319.223851
807000	31343.1052395
808000	31369.9604952
809000	31396.4443643
810000	31424.1677682
811000	31452.6873366
812000	31477.7090923
813000	31503.1323712
814000	31529.7389225
815000	31556.8099632
816000	31583.898352
817000	31611.5744004
818000	31637.1306414
819000	31664.1962885
820000	31690.6906189
821000	31714.2684468
822000	31738.5111708
823000	31764.4775659
824000	31792.8990376
825000	31820.20335
826000	31847.1074193
827000	31870.9813148
828000	31895.3911581
829000	31917.5656797
830000	31941.9680103
831000	31966.6487017
832000	31994.1957355
833000	32021.5003162
834000	32046.2222373
835000	32071.2052503
836000	32093.4428167
837000	32119.3696211
838000	32144.9442803
839000	32166.5800836
840000	32191.0656135
841000	32218.2374257
842000	32243.7773625
843000	32268.7603563
844000	32294.0258687
845000	32317.885211
846000	32341.9789019
847000	32369.0797815
848000	32396.4010876
849000	32420.2312953
850000	32445.4737644
851000	32470.6974192
852000	32496.1832703
853000	32522.9870563
854000	32546.72792
855000	32569.1597803
856000	32591.8825895
857000	32616.7573469
858000	32642.3341408
859000	32668.3545463
860000	32688.8277594
861000	32709.2243801
862000	32733.0394952
863000	32757.6127113
864000	32782.4964608
865000	32806.3498672
866000	32832.2438749
867000	32856.2897732
868000	32878.3833653
869000	32901.4925146
870000	32923.9045582
871000	32946.078298
872000	32967.5206409
873000	32989.4171135
874000	33012.8375009
875000	33037.1628442
876000	33059.675525
877000	33082.3538793
878000	33105.1112963
879000	33129.9068886
880000	33153.9139053
881000	33178.4234876
882000	33203.7607349
883000	33227.9289341
884000	33251.6693509
885000	33275.6270748
886000	33301.3054592
887000	33325.5332174
888000	33349.136006
889000	33373.718512
890000	33397.0304589
891000	33421.7836945
892000	33443.5553855
893000	33467.5402246
894000	33489.1268246
895000	33510.8635387
896000	33534.8860112
897000	33559.1542791
898000	33584.1616564
899000	33608.5948551
900000	33631.4621742
901000	33654.7231855
902000	33674.9613265
903000	33694.8334402
904000	33715.2261977
905000	33735.8844156
906000	33755.1946219
907000	33774.1252036
908000	33793.7876279
909000	33814.6686395
910000	33836.1476362
911000	33856.1413607
912000	33875.6697892
913000	33897.3950923
914000	33919.0238263
915000	33939.9393188
916000	33959.4968668
917000	33979.0576739
918000	33997.1253211
919000	34018.85788
920000	34042.4825146
921000	34066.5369967
922000	34091.9388412
923000	34114.7653637
924000	34137.0605567
925000	34160.4421768
926000	34183.6220646
927000	34206.2110457
928000	34229.4129395
929000	34252.697745
930000	34275.9346188
931000	34295.8988233
932000	34320.5103701
933000	34342.6695577
934000	34366.1841058
935000	34387.8666081
936000	34410.6430242
937000	34431.6287715
938000	34451.5603561
939000	34472.335354
940000	34490.8903455
941000	34511.3637405
942000	34530.932476
943000	34552.9477627
944000	34573.362376
945000	34594.3944799
946000	34614.6265171
947000	34636.451706
948000	34657.615456
949000	34679.1512419
950000	34700.9574045
951000	34724.7824806
952000	34746.2414133
953000	34767.3805217
954000	34789.3764467
955000	34811.3905539
956000	34832.4879403
957000	34855.7669651
958000	34878.0831376
959000	34900.1226463
960000	34921.8483832
961000	34942.84417
962000	34961.6173147
963000	34981.5103037
964000	35000.9150062
965000	35020.6573271
966000	35043.0338672
967000	35065.5401262
968000	35088.8597957
969000	35112.3186935
970000	35132.660366
971000	35154.0190465
972000	35176.1542989
973000	35197.8067539
974000	35218.8168584
975000	35237.92467
976000	35257.8601356
977000	35275.0336761
978000	35294.0712325
979000	35313.6734818
980000	35333.4533758
981000	35354.4835917
982000	35373.2424942
983000	35394.0904063
984000	35414.6418352
985000	35436.5852683
986000	35458.6433111
987000	35481.3532889
988000	35499.1525087
989000	35521.048293
990000	35544.5514176
991000	35564.8954411
992000	35585.5088479
993000	35602.3590653
994000	35622.2673666
995000	35641.8816733
996000	35660.2187347
997000	35680.6786481
998000	35700.2252003
999000	35720.294989
1000000	35744.5642439
1001000	35765.6585623
1002000	35784.9325139
1003000	35804.6885095
1004000	35823.7190778
1005000	35842.6836622
1006000	35860.3769562
1007000	35879.3489239
1008000	35898.7167317
1009000	35918.3777677
1010000	35937.5378874
1011000	35956.6170287
1012000	35977.3904947
1013000	35997.1400626
1014000	36014.2203489
1015000	36032.30325
1016000	36051.6236873
1017000	36068.9311734
1018000	36087.4572965
1019000	36107.0177
1020000	36125.4130442
1021000	36143.0560185
1022000	36161.059948
1023000	36179.8900745
1024000	36197.6316561
1025000	36215.9043788
1026000	36232.3721055
1027000	36250.2804549
1028000	36266.7220215
1029000	36285.1262767
1030000	36303.6633906
1031000	36321.246045
1032000	36337.8649701
1033000	36357.157661
1034000	36374.9767334
1035000	36391.9177528
1036000	36409.715745
1037000	36428.7304022
1038000	36447.4673078
1039000	36468.2797929
1040000	36486.0826798
1041000	36506.6459563
1042000	36523.7528244
1043000	36539.3401019
1044000	36557.4094993
1045000	36575.7196397
1046000	36594.3596458
1047000	36613.2253563
1048000	36631.7254824
1049000	36652.4542988
1050000	36670.7402471
1051000	36692.7886015
1052000	36711.4012517
1053000	36728.8366235
1054000	36748.229311
1055000	36765.1795312
1056000	36783.3890943
1057000	36802.6603049
1058000	36820.208278
1059000	36839.9130691
1060000	36858.4217411
1061000	36877.3290433
1062000	36896.820639
1063000	36917.0899893
1064000	36937.9600538
1065000	36958.8280827
1066000	36978.2147335
1067000	36995.8503847
1068000	37014.1670093
1069000	37031.1904769
1070000	37051.0813473
1071000	37066.1235273
1072000	37084.0204838
1073000	37101.5880717
1074000	37118.5178459
1075000	37133.870169
1076000	37149.8968425
1077000	37169.1695558
1078000	37186.8690284
1079000	37203.2203708
1080000	37222.2612835
1081000	37239.1465441
1082000	37257.6408828
1083000	37275.7430513
1084000	37292.2989333
1085000	37308.4054752
1086000	37323.6745284
1087000	37342.0538311
1088000	37360.2528109
1089000	37374.8805814
1090000	37390.9071546
1091000	37407.1788939
1092000	37425.1910319
1093000	37442.5178393
1094000	37459.7869982
1095000	37477.4551295
1096000	37494.9168385
1097000	37510.9726103
1098000	37527.4362844
1099000	37544.3584809
1100000	37560.5476942
1101000	37575.1481859
1102000	37591.9347714
1103000	37608.0414266
1104000	37626.8361274
1105000	37644.6962243
1106000	37664.106757
1107000	37680.4083759
1108000	37697.8114038
1109000	37716.785545
1110000	37733.7734398
1111000	37751.7999256
1112000	37768.5042406
1113000	37784.4380381
1114000	37800.557887
1115000	37816.725491
1116000	37832.106949
1117000	37846.7921868
1118000	37862.1844712
1119000	37878.8383051
1120000	37894.6656733
1121000	37912.5833868
1122000	37931.2930778
1123000	37947.502417
1124000	37964.0121243
1125000	37980.2869675
1126000	37995.8947049
1127000	38013.5010305
1128000	38030.5131427
1129000	38046.325181
1130000	38060.6683879
1131000	38074.8778807
1132000	38090.4967076
1133000	38107.6681972
1134000	38122.8387872
1135000	38139.7739757
1136000	38154.5008918
1137000	38170.1314849
1138000	38186.4527636
1139000	38201.1601419
1140000	38216.9913084
1141000	38232.906869
1142000	38249.7068415
1143000	38267.802888
1144000	38285.6259249
1145000	38302.2647094
1146000	38318.8241064
1147000	38333.9294663
1148000	38350.0155317
1149000	38366.5788834
1150000	38380.4882793
1151000	38395.9063055
1152000	38413.8415495
1153000	38433.0332965
1154000	38450.2739452
1155000	38467.3445788
1156000	38482.8390234
1157000	38498.5614384
1158000	38514.5289404
1159000	38531.544023
1160000	38546.0148336
1161000	38561.9903943
1162000	38577.8913308
1163000	38594.4589295
1164000	38608.8798802
1165000	38624.3274903
1166000	38641.4024814
1167000	38656.8749885
1168000	38673.9016944
1169000	38688.393902
1170000	38703.6913375
1171000	38717.9695425
1172000	38733.4146689
1173000	38747.3242623
1174000	38763.9835772
1175000	38780.3255877
1176000	38795.2123822
1177000	38811.5690991
1178000	38828.6600443
1179000	38841.2135009
1180000	38853.3060669
1181000	38867.3281579
1182000	38882.6886102
1183000	38897.0602081
1184000	38912.1113262
1185000	38928.6209667
1186000	38947.2575296
1187000	38962.521953
1188000	38977.0172613
1189000	38990.872607
1190000	39006.0076998
1191000	39020.1134639
1192000	39035.8775937
1193000	39051.7334774
1194000	39066.8705308
1195000	39081.6252672
1196000	39097.0610381
1197000	39110.9752152
1198000	39126.6208719
1199000	39141.0437393
1200000	39155.5217073
1201000	39169.1133071
1202000	39182.3004906
1203000	39195.4750805
1204000	39208.2934222
1205000	39223.1768225
1206000	39239.2583383
1207000	39254.2030071
1208000	39268.3139095
1209000	39284.172802
1210000	39297.741223
1211000	39313.7906735
1212000	39330.1385988
1213000	39345.2293917
1214000	39359.2360317
1215000	39371.8185606
1216000	39384.7784037
1217000	39398.0959344
1218000	39410.5274954
1219000	39422.9090184
1220000	39437.9062151
1221000	39451.8342459
1222000	39466.7657693
1223000	39481.2176425
1224000	39496.1489482
1225000	39512.3335924
1226000	39525.9464693
1227000	39541.8612606
1228000	39556.2243773
1229000	39570.277809
1230000	39582.1633384
1231000	39596.8030028
1232000	39609.9411741
1233000	39623.6775514
1234000	39638.9270193
1235000	39654.6062175
1236000	39668.9548166
1237000	39680.5684189
1238000	39692.2075789
1239000	39704.8967214
1240000	39718.339877
1241000	39732.0338071
1242000	39746.4654548
1243000	39760.0433804
1244000	39773.2848148
1245000	39787.6350164
1246000	39801.2729156
1247000	39816.2584124
1248000	39828.5712429
1249000	39842.7148091
1250000	39855.0476517
1251000	39868.9215511
1252000	39882.2346832
1253000	39897.4909898
1254000	39911.1519833
1255000	39926.3542035
1256000	39939.5369371
1257000	39952.3396679
1258000	39964.3732106
1259000	39976.5601908
1260000	39991.3911916
1261000	40004.2597672
1262000	40017.6632337
1263000	40030.5774404
1264000	40044.9995916
1265000	40060.1767104
1266000	40073.1937362
1267000	40083.9643757
1268000	40096.4177224
1269000	40107.8296884
1270000	40118.956983
1271000	40130.0410165
1272000	40144.3692946
1273000	40154.9770938
1274000	40165.5735846
1275000	40178.3972091
1276000	40192.2988586
1277000	40208.5026886
1278000	40223.1099459
1279000	40236.1254548
1280000	40249.7981812
1281000	40261.9518369
1282000	40276.9507419
1283000	40289.4689559
1284000	40302.4378304
1285000	40314.7929851
1286000	40327.608512
1287000	40341.4736164
1288000	40354.4285145
1289000	40367.8203205
1290000	40380.1028389
1291000	40391.9031556
1292000	40403.7651229
1293000	40415.3433735
1294000	40427.9574795
1295000	40441.5839531
1296000	40454.5444173
1297000	40468.2074523
1298000	40480.9444064
1299000	40494.372572
1300000	40508.6561313
1301000	40521.0464792
1302000	40532.3684507
1303000	40544.4848945
1304000	40558.0145863
1305000	40569.3414535
1306000	40580.3328737
1307000	40593.1536291
1308000	40605.5228604
1309000	40616.2739669
1310000	40629.3141983
1311000	40640.1771511
1312000	40652.153153
1313000	40663.5615524
1314000	40675.8785574
1315000	40688.2884447
1316000	40702.0577001
1317000	40711.755363
1318000	40725.1587216
1319000	40738.8794414
1320000	40751.1042647
1321000	40764.1491367
1322000	40777.2671487
1323000	40791.2465283
1324000	40803.0295315
1325000	40815.0150217
1326000	40828.2999616
1327000	40842.4091638
1328000	40855.5131847
1329000	40870.870698
1330000	40885.1104251
1331000	40897.6077224
1332000	40909.7762963
1333000	40921.6926587
1334000	40935.3216186
1335000	40948.4962692
1336000	40960.0890658
1337000	40972.2344906
1338000	40983.846633
1339000	40998.2796696
1340000	41008.9536647
1341000	41018.746131
1342000	41028.8136361
1343000	41040.6481099
1344000	41051.282115
1345000	41062.3581088
1346000	41076.2020083
1347000	41089.1999145
1348000	41102.3141942
1349000	41116.3612707
1350000	41128.4903128
1351000	41140.0765466
1352000	41153.1948185
1353000	41165.9174222
1354000	41180.521499
1355000	41194.0860925
1356000	41205.9036381
1357000	41217.7561007
1358000	41228.6242268
1359000	41238.7800725
1360000	41250.1896036
1361000	41261.1382679
1362000	41271.5244152
1363000	41283.1159647
1364000	41293.6715434
1365000	41308.0004534
1366000	41320.4171568
1367000	41332.4442868
1368000	41343.2813657
1369000	41353.1747616
1370000	41364.4610113
1371000	41375.3076758
1372000	41384.0505047
1373000	41394.9203344
1374000	41404.8774347
1375000	41415.1794551
1376000	41425.5972397
1377000	41436.1593414
1378000	41446.1654191
1379000	41456.7545388
1380000	41466.7099436
1381000	41476.4558302
1382000	41486.6566829
1383000	41496.6541783
1384000	41507.239056
1385000	41516.2538309
1386000	41526.1653385
1387000	41537.654575
1388000	41549.0109142
1389000	41560.0891594
1390000	41571.0641111
1391000	41583.199787
1392000	41595.8091232
1393000	41607.1932623
1394000	41618.744763
1395000	41629.3034259
1396000	41641.2542291
1397000	41652.6016197
1398000	41663.0573855
1399000	41675.3692073
1400000	41687.2263867
1401000	41698.287266
1402000	41709.6995242
1403000	41721.8413337
1404000	41734.4438177
1405000	41747.6937285
1406000	41759.7450601
1407000	41770.055255
1408000	41781.6207921
1409000	41791.8628813
1410000	41804.0840637
1411000	41815.3131117
1412000	41825.2041815
1413000	41836.941586
1414000	41849.7448167
1415000	41860.5364955
1416000	41870.7025253
1417000	41881.6939106
1418000	41892.2108337
1419000	41901.7374054
1420000	41913.4923114
1421000	41923.2833678
1422000	41934.7242312
1423000	41945.98615
1424000	41957.0304605
1425000	41967.0850295
1426000	41979.1442224
1427000	41991.1240351
1428000	42004.4402398
1429000	42017.9914185
1430000	42029.6071996
1431000	42042.9371247
1432000	42055.0396402
1433000	42065.3712132
1434000	42076.7878365
1435000	42088.4920985
1436000	42098.560527
1437000	42109.4117708
1438000	42118.4517287
1439000	42128.927277
1440000	42140.3501086
1441000	42150.6626892
1442000	42160.8502602
1443000	42170.8477129
1444000	42180.0825878
1445000	42189.9715652
1446000	42198.3277077
1447000	42206.3801395
1448000	42213.8612316
1449000	42221.2427428
1450000	42228.4025718
1451000	42238.3310731
1452000	42248.2365544
1453000	42258.8977557
1454000	42269.1307476
1455000	42277.7997383
1456000	42286.5664673
1457000	42295.5041671
1458000	42305.9271769
1459000	42316.4028213
1460000	42326.019206
1461000	42336.5155994
1462000	42347.3746796
1463000	42357.2036855
1464000	42367.0134998
1465000	42377.0829702
1466000	42385.4163915
1467000	42393.9686755
1468000	42403.1555495
1469000	42412.155265
1470000	42420.6267382
1471000	42430.9078623
1472000	42439.9484148
1473000	42451.1616079
1474000	42460.4439104
1475000	42471.781985
1476000	42481.6837158
1477000	42491.1386377
1478000	42500.9107387
1479000	42509.7112242
1480000	42519.8551737
1481000	42529.9723107
1482000	42539.6240122
1483000	42550.0309209
1484000	42558.2253549
1485000	42566.8217929
1486000	42577.2199137
1487000	42587.512309
1488000	42596.3086799
1489000	42606.0048834
1490000	42616.0454994
1491000	42625.4535996
1492000	42634.2318044
1493000	42642.1666834
1494000	42653.1683866
1495000	42663.612502
1496000	42673.6322838
1497000	42684.289032
1498000	42695.475452
1499000	42703.9116951
1500000	42711.2974274
1501000	42721.0591772
1502000	42730.0546673
1503000	42740.1769414
1504000	42750.2623936
1505000	42760.8855714
1506000	42770.5035784
1507000	42778.8395256
1508000	42787.5001859
1509000	42796.5203108
1510000	42806.7827535
1511000	42814.5921464
1512000	42824.3755558
1513000	42833.8562614
1514000	42844.0440394
1515000	42854.1967579
1516000	42864.1565452
1517000	42871.2148332
1518000	42879.8109211
1519000	42888.4621209
1520000	42897.7795723
1521000	42907.6700746
1522000	42916.9357918
1523000	42928.1267919
1524000	42937.7381439
1525000	42946.5195038
1526000	42956.0571973
1527000	42963.0407114
1528000	42971.1592066
1529000	42981.3508865
1530000	42990.7997356
1531000	43001.1255742
1532000	43011.945986
1533000	43022.9401831
1534000	43033.755154
1535000	43043.1008968
1536000	43052.2763105
1537000	43064.2236463
1538000	43074.0741461
1539000	43084.5201467
1540000	43095.2050827
1541000	43104.9205826
1542000	43115.7195302
1543000	43126.8899144
1544000	43136.1996776
1545000	43146.2568379
1546000	43156.5455022
1547000	43166.1657821
1548000	43175.1029346
1549000	43183.1491968
1550000	43191.755841
1551000	43198.020299
1552000	43205.7257356
1553000	43212.7846971
1554000	43221.317867
1555000	43229.6189826
1556000	43240.4717288
1557000	43249.5217961
1558000	43258.500921
1559000	43266.4584133
1560000	43275.2012965
1561000	43284.9153449
1562000	43293.7031924
1563000	43304.1671373
1564000	43313.3970678
1565000	43321.2999136
1566000	43329.4687756
1567000	43337.5865805
1568000	43347.0154061
1569000	43358.2536483
1570000	43367.6073265
1571000	43376.955281
1572000	43385.7196861
1573000	43393.1762723
1574000	43401.7344251
1575000	43409.3311141
1576000	43418.4884284
1577000	43426.9879115
1578000	43435.1117104
1579000	43443.4673588
1580000	43452.3249702
1581000	43461.8849311
1582000	43470.4202915
1583000	43479.2060808
1584000	43488.3522475
1585000	43497.0108972
1586000	43505.4577578
1587000	43516.2013439
1588000	43526.7606413
1589000	43533.1821889
1590000	43540.8934181
1591000	43549.3260316
1592000	43558.0060224
1593000	43567.0727735
1594000	43575.5755067
1595000	43584.2845554
1596000	43594.4107605
1597000	43605.6413768
1598000	43616.4889474
1599000	43627.111937
1600000	43636.7027244
1601000	43645.2944947
1602000	43654.3834381
1603000	43662.7464836
1604000	43672.1432956
1605000	43680.9570276
1606000	43689.4915499
1607000	43698.8531363
1608000	43707.5678268
1609000	43716.7737941
1610000	43726.1074128
1611000	43733.3509141
1612000	43742.6782688
1613000	43752.1898648
1614000	43760.5343803
1615000	43768.7847522
1616000	43777.267124
1617000	43786.1447521
1618000	43793.3866868
1619000	43801.0657164
1620000	43808.134051
1621000	43815.5239846
1622000	43823.7430862
1623000	43831.6750878
1624000	43839.9149107
1625000	43846.6201985
1626000	43854.7966731
1627000	43864.2087995
1628000	43873.0164484
1629000	43881.751531
1630000	43889.9541706
1631000	43897.4211558
1632000	43907.1654601
1633000	43916.3549442
1634000	43924.9181058
1635000	43933.9628817
1636000	43943.0913175
1637000	43950.9750429
1638000	43961.2561498
1639000	43968.9349166
1640000	43975.9502511
1641000	43983.3011105
1642000	43990.3381681
1643000	43997.0230198
1644000	44004.7900561
1645000	44013.2929818
1646000	44021.4625037
1647000	44030.5254607
1648000	44038.6141391
1649000	44046.6558745
1650000	44055.9135472
1651000	44063.3120689
1652000	44069.3719229
1653000	44076.564985
1654000	44083.3838409
1655000	44090.1550198
1656000	44098.7946592
1657000	44106.8990149
1658000	44115.1627821
1659000	44123.6436787
1660000	44130.4545489
1661000	44137.6714375
1662000	44143.4780987
1663000	44152.9475541
1664000	44160.4209821
1665000	44167.796569
1666000	44176.3187287
1667000	44184.2915622
1668000	44191.3978564
1669000	44198.8028776
1670000	44205.5154638
1671000	44214.2929268
1672000	44222.1978619
1673000	44230.7955104
1674000	44238.3144126
1675000	44245.8577773
1676000	44253.2310443
1677000	44258.9380201
1678000	44265.9429327
1679000	44273.7819237
1680000	44281.7891825
1681000	44290.7600613
1682000	44298.8082316
1683000	44306.3598309
1684000	44314.1079918
1685000	44322.6299195
1686000	44330.662765
1687000	44337.9944528
1688000	44345.9101236
1689000	44354.9561615
1690000	44362.2569029
1691000	44370.1826936
1692000	44378.7427661
1693000	44386.188527
1694000	44392.7380599
1695000	44399.2225859
1696000	44405.6786204
1697000	44412.2284383
1698000	44420.2730335
1699000	44428.5030968
1700000	44437.1509416
1701000	44444.9039841
1702000	44452.4153653
1703000	44460.4075619
1704000	44469.1214449
1705000	44477.2349088
1706000	44485.1095077
1707000	44492.3715111
1708000	44500.3014013
1709000	44508.5467669
1710000	44517.2184218
1711000	44525.6090442
1712000	44532.5173247
1713000	44539.6431774
1714000	44547.1853257
1715000	44554.0624614
1716000	44561.3195569
1717000	44569.7033317
1718000	44578.2877187
1719000	44586.0658243
1720000	44593.320273
1721000	44600.7896712
1722000	44608.2900921
1723000	44614.7254614
1724000	44622.6827944
1725000	44629.4303894
1726000	44635.8076297
1727000	44642.2950993
1728000	44648.8033393
1729000	44655.6767104
1730000	44661.4194059
1731000	44669.4058313
1732000	44678.2796445
1733000	44685.8946292
1734000	44692.588308
1735000	44699.523839
1736000	44706.6221812
1737000	44713.5492527
1738000	44719.4125224
1739000	44726.2136226
1740000	44733.4096287
1741000	44740.5782635
1742000	44749.2421387
1743000	44759.3703738
1744000	44765.8364489
1745000	44772.632855
1746000	44780.248179
1747000	44788.675753
1748000	44797.9729792
1749000	44805.2826355
1750000	44812.9168722
1751000	44820.6857274
1752000	44826.8120831
1753000	44835.9242497
1754000	44845.5269022
1755000	44853.2871407
1756000	44861.20194
1757000	44867.56342
1758000	44875.2578327
1759000	44882.1543436
1760000	44890.4326437
1761000	44897.040172
1762000	44903.9069085
1763000	44911.015912
1764000	44919.1465362
1765000	44925.1884491
1766000	44932.2302983
1767000	44939.6959543
1768000	44945.2648752
1769000	44954.2394316
1770000	44963.331582
1771000	44970.1118426
1772000	44978.3250287
1773000	44984.8527492
1774000	44992.0514056
1775000	44999.2410455
1776000	45006.7330038
1777000	45013.1558849
1778000	45020.6610309
1779000	45028.3488589
1780000	45034.445486
1781000	45040.087577
1782000	45047.3480941
1783000	45054.2362455
1784000	45060.7628713
1785000	45068.1930141
1786000	45076.271468
1787000	45083.118121
1788000	45089.971364
1789000	45096.2137587
1790000	45103.5922809
1791000	45110.4733745
1792000	45117.7685299
1793000	45125.1696074
1794000	45131.7540197
1795000	45139.4978869
1796000	45147.892067
1797000	45154.4744096
1798000	45161.3407699
1799000	45168.5864428
1800000	45175.6236432
1801000	45184.2298015
1802000	45192.2696082
1803000	45199.5773637
1804000	45208.1983968
1805000	45216.6163289
1806000	45225.2703098
1807000	45232.035872
1808000	45237.6304266
1809000	45244.3994692
1810000	45251.4409067
1811000	45258.8262679
1812000	45265.6847565
1813000	45272.858141
1814000	45278.4219247
1815000	45283.5641153
1816000	45289.5177995
1817000	45295.9156633
1818000	45301.4574759
1819000	45306.8263657
1820000	45312.534953
1821000	45318.3581946
1822000	45325.5895021
1823000	45330.6245904
1824000	45337.0340036
1825000	45342.6150698
1826000	45348.4812661
1827000	45356.8652125
1828000	45363.418156
1829000	45369.894934
1830000	45376.8812702
1831000	45384.100364
1832000	45390.6335892
1833000	45397.6750442
1834000	45405.1497933
1835000	45411.6506202
1836000	45417.7306899
1837000	45424.7141054
1838000	45430.5837183
1839000	45436.0586193
1840000	45440.7913447
1841000	45446.4250501
1842000	45452.921521
1843000	45458.3006511
1844000	45465.5296754
1845000	45472.1070137
1846000	45477.6324953
1847000	45484.2626909
1848000	45490.0763844
1849000	45496.7721017
1850000	45503.3608352
1851000	45509.8179346
1852000	45518.4293355
1853000	45526.7281635
1854000	45535.1530253
1855000	45541.18684
1856000	45547.318683
1857000	45555.1776584
1858000	45562.4520744
1859000	45568.6208937
1860000	45576.2505225
1861000	45581.8897132
1862000	45589.3205449
1863000	45596.3668265
1864000	45603.7754798
1865000	45610.1250781
1866000	45616.0121787
1867000	45624.1420729
1868000	45631.3753935
1869000	45639.1831726
1870000	45646.1892594
1871000	45653.4073952
1872000	45660.1941584
1873000	45664.7473765
1874000	45671.1070758
1875000	45676.585193
1876000	45681.8798528
1877000	45687.9937106
1878000	45694.6906115
1879000	45701.551868
1880000	45707.137573
1881000	45714.7831712
1882000	45721.7286642
1883000	45728.2827453
1884000	45735.3244239
1885000	45741.6913504
1886000	45747.0807283
1887000	45753.9760352
1888000	45760.1449148
1889000	45765.18184
1890000	45771.0217468
1891000	45775.5606601
1892000	45782.0520681
1893000	45789.1730277
1894000	45796.0156051
1895000	45803.228556
1896000	45809.1628824
1897000	45815.720779
1898000	45822.2216033
1899000	45829.1617089
1900000	45836.0464801
1901000	45842.4279691
1902000	45847.6544739
1903000	45851.8476485
1904000	45857.8722912
1905000	45863.9802689
1906000	45869.3725985
1907000	45876.2532209
1908000	45881.8565307
1909000	45887.8632098
1910000	45895.2518512
1911000	45901.2702236
1912000	45908.5833583
1913000	45916.1202903
1914000	45921.6364895
1915000	45927.951948
1916000	45934.5009467
1917000	45941.8352334
1918000	45947.8928599
1919000	45955.1694694
1920000	45962.7234322
1921000	45968.8888097
1922000	45974.2883799
1923000	45980.2869225
1924000	45985.5045533
1925000	45992.6500228
1926000	45998.1586211
1927000	46003.7452857
1928000	46009.1450093
1929000	46015.6198004
1930000	46021.8618926
1931000	46028.301256
1932000	46035.8030493
1933000	46041.7277913
1934000	46047.0639973
1935000	46053.4251888
1936000	46060.4427804
1937000	46066.1853972
1938000	46073.3672316
1939000	46080.4199752
1940000	46087.4747653
1941000	46094.1049296
1942000	46100.3688799
1943000	46106.2540164
1944000	46111.9507881
1945000	46118.2283474
1946000	46125.0424434
1947000	46132.0229025
1948000	46139.2744927
1949000	46144.8671189
1950000	46149.2965178
1951000	46155.9469834
1952000	46163.1101448
1953000	46169.7644211
1954000	46175.3035317
1955000	46180.7159103
1956000	46185.4344227
1957000	46191.6725308
1958000	46197.3825778
1959000	46203.4361027
1960000	46209.6203346
1961000	46214.361269
1962000	46218.7185872
1963000	46225.8772036
1964000	46231.5913652
1965000	46236.8203888
1966000	46244.0352683
1967000	46250.4902316
1968000	46255.9185274
1969000	46263.4062195
1970000	46270.2867247
1971000	46274.4124225
1972000	46280.5052188
1973000	46287.1213026
1974000	46294.3866913
1975000	46301.517628
1976000	46307.626252
1977000	46314.5150082
1978000	46320.9538987
1979000	46325.9661295
1980000	46331.9073678
1981000	46338.2420399
1982000	46344.7718353
1983000	46350.5723312
1984000	46357.4941173
1985000	46366.093303
1986000	46372.5931595
1987000	46379.5637228
1988000	46385.0827829
1989000	46391.1223917
1990000	46396.2587202
1991000	46402.053025
1992000	46407.8247015
1993000	46414.2718753
1994000	46420.7221092
1995000	46425.8576826
1996000	46430.8051087
1997000	46436.5318664
1998000	46443.2457195
1999000	46450.6133746
2000000	42273.9834407
