1000	93.6302421315
2000	132.913997141
3000	174.413796252
4000	263.828129758
5000	353.681332842
6000	444.381502843
7000	505.815236335
8000	546.543377753
9000	586.786678737
10000	627.190514371
11000	666.426936469
12000	708.726209637
13000	747.020756978
14000	813.383640168
15000	902.9809644
16000	995.375149202
17000	1085.08278965
18000	1175.90495842
19000	1265.61321027
20000	1356.27237169
21000	1447.48913356
22000	1539.72095114
23000	1628.42415813
24000	1717.68895141
25000	1807.49776342
26000	1891.25838869
27000	1933.14160435
28000	1972.21766233
29000	2013.31430489
30000	2052.30600354
31000	2088.18836281
32000	2129.18226484
33000	2170.34713194
34000	2207.47662886
35000	2248.67658351
36000	2287.58284612
37000	2327.00205879
38000	2366.28305664
39000	2404.59479629
40000	2445.67946445
41000	2484.45589816
42000	2524.39563777
43000	2564.08587126
44000	2604.6605846
45000	2644.84322398
46000	2684.50377661
47000	2724.6368961
48000	2764.85947307
49000	2804.36870457
50000	2842.38795582
51000	2872.18607161
52000	2960.64255435
53000	3051.89729649
54000	3140.8845454
55000	3229.86188556
56000	3320.70715808
57000	3408.85158082
58000	3499.74804962
59000	3588.81773786
60000	3678.95488768
61000	3769.63548167
62000	3860.84824389
63000	3950.46358078
64000	4038.55492777
65000	4126.53228063
66000	4216.85719678
67000	4308.76278519
68000	4398.21134564
69000	4487.57435397
70000	4577.48830949
71000	4666.92188846
72000	4758.48029251
73000	4845.62153586
74000	4934.98439043
75000	5024.49698199
76000	5114.55317667
77000	5204.15664784
78000	5292.7851085
79000	5379.99891018
80000	5469.38293536
81000	5558.80450188
82000	5647.43458808
83000	5741.31643713
84000	5831.28978476
85000	5922.81458813
86000	6013.0399106
87000	6102.06421802
88000	6193.1090358
89000	6283.89551015
90000	6372.52609896
91000	6462.72625712
92000	6551.86889366
93000	6640.13667511
94000	6729.44489626
95000	6808.9257443
96000	6846.82726068
97000	6885.38446843
98000	6924.7275239
99000	6962.2676349
100000	7003.89724547
101000	7042.57983047
102000	7083.75329929
103000	7124.09465448
104000	7165.06968794
105000	7203.127809
106000	7243.23063908
107000	7283.55502392
108000	7320.51066722
109000	7361.61610694
110000	7404.49352446
111000	7442.62986125
112000	7481.43455442
113000	7521.71454307
114000	7560.42435963
115000	7598.84711292
116000	7642.3263961
117000	7681.94998439
118000	7719.56569511
119000	7759.27291703
120000	7799.19553912
121000	7840.06308575
122000	7881.01724482
123000	7923.37369592
124000	7965.42726286
125000	8003.90673991
126000	8042.07276548
127000	8081.95075242
128000	8121.44015169
129000	8162.71397941
130000	8203.05374977
131000	8242.04989469
132000	8282.91649387
133000	8323.71594173
134000	8364.19530662
135000	8402.89717525
136000	8442.97004324
137000	8481.64196034
138000	8523.00561383
139000	8561.51310869
140000	8602.41235919
141000	8644.22206071
142000	8684.31623622
143000	8723.31552621
144000	8762.55423733
145000	8802.20478566
146000	8842.30898356
147000	8885.06682464
148000	8926.98081913
149000	8968.78709212
150000	9007.57572
151000	9047.73264019
152000	9087.36323395
153000	9128.2775638
154000	9168.68302807
155000	9207.84348055
156000	9248.11892409
157000	9287.79933894
158000	9330.31525366
159000	9371.22928304
160000	9408.09469617
161000	9449.2644596
162000	9487.27303146
163000	9528.1012789
164000	9570.22851366
165000	9610.54934162
166000	9652.29051225
167000	9692.62197207
168000	9732.25680392
169000	9772.18006392
170000	9810.34105443
171000	9848.4595173
172000	9887.59951103
173000	9924.15194506
174000	9962.9972374
175000	10001.1570795
176000	10039.2963559
177000	10079.243849
178000	10118.8290243
179000	10159.285168
180000	10196.3812938
181000	10233.1616507
182000	10234.6382523
183000	10265.8518949
184000	10327.9565269
185000	10418.0994684
186000	10508.0282399
187000	10597.0874074
188000	10684.1881087
189000	10773.8458252
190000	10863.2228582
191000	10952.0507879
192000	11043.7147309
193000	11135.0881759
194000	11225.7924321
195000	11312.2187326
196000	11404.1352343
197000	11494.6327614
198000	11583.2703987
199000	11673.6042785
200000	11762.6309126
201000	11853.0602562
202000	11945.4192739
203000	12032.8201288
204000	12122.8260957
205000	12212.5724817
206000	12304.148123
207000	12397.3078452
208000	12486.9994826
209000	12576.6732117
210000	12667.0670005
211000	12758.1951386
212000	12849.857551
213000	12941.1670316
214000	13031.2321426
215000	13120.7273353
216000	13209.9124727
217000	13300.6675221
218000	13389.9629968
219000	13478.9890295
220000	13568.1455018
221000	13657.7626234
222000	13747.7113464
223000	13839.9068817
224000	13930.1846813
225000	14019.6285212
226000	14108.0453663
227000	14197.58572
228000	14286.0307164
229000	14375.8084435
230000	14466.0151001
231000	14555.4021412
232000	14646.2408134
233000	14737.7588929
234000	14829.278415
235000	14920.3167593
236000	15010.2595493
237000	15101.368216
238000	15190.3182197
239000	15279.1101726
240000	15370.8078422
241000	15461.6994987
242000	15551.2660843
243000	15643.527337
244000	15734.2735911
245000	15823.9792314
246000	15914.1354956
247000	16003.78537
248000	16094.1376745
249000	16184.5513147
250000	16275.6393823
251000	16365.6909122
252000	16455.7134879
253000	16545.5903169
254000	16636.7580206
255000	16727.6970411
256000	16816.6921758
257000	16907.1833933
258000	16997.2492891
259000	17086.490688
260000	17175.4973948
261000	17266.309339
262000	17357.1817098
263000	17446.6340972
264000	17535.0588094
265000	17629.1188401
266000	17716.7962142
267000	17805.3123078
268000	17894.4588713
269000	17981.005045
270000	18070.7739853
271000	18160.6077856
272000	18247.9312576
273000	18338.798109
274000	18430.3265721
275000	18518.8830855
276000	18609.8862887
277000	18699.4598446
278000	18791.9833306
279000	18881.1743968
280000	18972.3504063
281000	19061.1804933
282000	19150.7093931
283000	19240.5601363
284000	19329.7725112
285000	19418.8717581
286000	19506.9172238
287000	19595.2748002
288000	19683.405379
289000	19774.4847256
290000	19864.9671895
291000	19953.4067599
292000	20042.8240865
293000	20133.9759657
294000	20224.0462296
295000	20316.051906
296000	20405.4641994
297000	20495.6846403
298000	20586.1871092
299000	20676.3216088
300000	20767.1763647
301000	20858.4983227
302000	20947.2997763
303000	21037.9098973
304000	21125.8232041
305000	21217.1526037
306000	21308.4984983
307000	21396.8801246
308000	21487.3687633
309000	21576.7526906
310000	21667.3671053
311000	21758.5716398
312000	21847.9137775
313000	21940.0042981
314000	22027.7489439
315000	22120.1925818
316000	22209.0045324
317000	22300.185715
318000	22390.1572188
319000	22479.7616848
320000	22571.5332426
321000	22661.8044402
322000	22749.7282959
323000	22840.791075
324000	22929.635353
325000	23018.2568547
326000	23110.2153183
327000	23198.7213018
328000	23289.2397144
329000	23378.7353295
330000	23467.7298141
331000	23555.2692754
332000	23644.4825116
333000	23734.7929968
334000	23826.2894739
335000	23910.8959655
336000	23951.9580351
337000	23993.0172536
338000	24033.2542959
339000	24074.0104012
340000	24114.6052726
341000	24155.1936212
342000	24196.5179028
343000	24234.5533743
344000	24274.4617929
345000	24314.6072061
346000	24354.4002469
347000	24393.4007462
348000	24433.4234861
349000	24473.7114586
350000	24514.1132131
351000	24553.2582177
352000	24593.6902277
353000	24635.4177669
354000	24675.2270527
355000	24715.879519
356000	24755.9144366
357000	24795.543615
358000	24835.2962176
359000	24875.3914178
360000	24915.324214
361000	24955.9833513
362000	24994.0311245
363000	25032.3527081
364000	25073.2563772
365000	25113.5864642
366000	25153.6117319
367000	25193.9633415
368000	25233.1297699
369000	25272.5233718
370000	25314.0289828
371000	25354.4349614
372000	25394.4120869
373000	25435.8778899
374000	25474.2469254
375000	25512.0370925
376000	25552.641711
377000	25593.0148415
378000	25632.6539189
379000	25673.2171035
380000	25711.54659
381000	25750.4564656
382000	25790.1030932
383000	25828.3542666
384000	25867.8410544
385000	25907.7260673
386000	25947.3649657
387000	25987.4657251
388000	26027.9436506
389000	26068.4802629
390000	26106.3982729
391000	26143.8251493
392000	26182.798603
393000	26221.5208221
394000	26262.6212847
395000	26301.2860695
396000	26341.7324862
397000	26380.9521598
398000	26421.057199
399000	26460.189823
400000	26500.8596311
401000	26541.5718484
402000	26581.1884854
403000	26622.2641194
404000	26664.6543961
405000	26704.9565339
406000	26745.4816471
407000	26784.0166668
408000	26826.9620574
409000	26868.03853
410000	26907.0335659
411000	26946.8497117
412000	26988.520016
413000	27025.181323
414000	27063.8098528
415000	27105.1960637
416000	27144.0589607
417000	27182.877127
418000	27223.2169158
419000	27262.7577602
420000	27304.2008628
421000	27346.4836001
422000	27385.5023481
423000	27424.5606237
424000	27463.9225863
425000	27503.0628445
426000	27542.8616761
427000	27582.5241545
428000	27622.4965846
429000	27662.6419201
430000	27703.3463306
431000	27745.4104554
432000	27783.688158
433000	27823.2768907
434000	27865.8866427
435000	27908.3379582
436000	27949.7137681
437000	27991.1812428
438000	28032.533557
439000	28072.1432679
440000	28112.3720532
441000	28152.8841195
442000	28192.7588989
443000	28229.3123365
444000	28266.6056843
445000	28308.9531117
446000	28348.5190681
447000	28388.2913131
448000	28428.9373899
449000	28469.1115262
450000	28509.4865119
451000	28550.4571489
452000	28590.8410686
453000	28632.8058938
454000	28672.4633121
455000	28713.9335488
456000	28753.9975943
457000	28796.0841482
458000	28836.5842522
459000	28873.9654732
460000	28914.0769337
461000	28954.5289312
462000	28996.3794537
463000	29038.689283
464000	29076.0148031
465000	29114.4509247
466000	29154.1138715
467000	29194.6016438
468000	29234.9935404
469000	29274.6393427
470000	29312.3769586
471000	29352.4291312
472000	29394.5004723
473000	29436.3941964
474000	29475.5487934
475000	29513.3468888
476000	29553.2673848
477000	29591.7951567
478000	29630.0180484
479000	29670.7664832
480000	29712.4464694
481000	29753.8232303
482000	29793.1948786
483000	29831.8735227
484000	29871.7122177
485000	29912.0971992
486000	29953.0225624
487000	29991.1982092
488000	30032.495763
489000	30071.3243753
490000	30111.3409996
491000	30150.8682715
492000	30191.3462081
493000	30229.9227579
494000	30269.3886681
495000	30311.2508383
496000	30350.7133314
497000	30391.2678644
498000	30433.2855207
499000	30472.5292627
500000	30512.9069028
501000	30554.9156578
502000	30595.0559881
503000	30636.0058197
504000	30675.9828302
505000	30717.4211787
506000	30755.6964909
507000	30794.5029465
508000	30834.2820895
509000	30874.8590009
510000	30914.1460954
511000	30953.0311252
512000	30991.580825
513000	31031.7073311
514000	31072.2094545
515000	31113.2444782
516000	31155.3971788
517000	31195.1606567
518000	31235.2813618
519000	31274.7699584
520000	31312.4589451
521000	31350.2300616
522000	31387.798556
523000	31427.3410013
524000	31468.5805145
525000	31509.4931493
526000	31549.6295226
527000	31591.6739832
528000	31631.2698504
529000	31671.8618548
530000	31711.4408012
531000	31748.9358234
532000	31786.2355942
533000	31825.2677446
534000	31863.8288416
535000	31903.2191077
536000	31944.3858314
537000	31983.6794881
538000	32023.9186797
539000	32063.6938376
540000	32105.0873815
541000	32144.1398957
542000	32183.2988681
543000	32224.7121079
544000	32263.8654338
545000	32303.3511122
546000	32342.9183069
547000	32383.4335212
548000	32422.2099965
549000	32461.1948814
550000	32501.4476633
551000	32541.9855857
552000	32584.3401579
553000	32624.2289131
554000	32664.7915673
555000	32704.0208335
556000	32743.7234613
557000	32783.675229
558000	32825.7530707
559000	32865.7541045
560000	32905.0428297
561000	32943.4192013
562000	32983.6060968
563000	33021.7704816
564000	33062.4679318
565000	33100.4679765
566000	33139.6903485
567000	33179.4945191
568000	33216.918498
569000	33258.2302532
570000	33297.4595925
571000	33338.0921959
572000	33377.6349762
573000	33418.0322241
574000	33456.5607552
575000	33496.8726992
576000	33539.0812707
577000	33579.3126629
578000	33621.4332351
579000	33661.2596006
580000	33698.6228922
581000	33738.2138749
582000	33775.5785558
583000	33815.7576368
584000	33855.2565892
585000	33896.8570863
586000	33936.7617175
587000	33977.9460397
588000	34017.7241826
589000	34056.6059372
590000	34097.7171858
591000	34136.8763829
592000	34173.5348079
593000	34215.4268987
594000	34254.3358085
595000	34295.1446939
596000	34334.9579826
597000	34374.0743206
598000	34413.114051
599000	34452.6686016
600000	34492.1246957
601000	34531.5871188
602000	34569.7829376
603000	34608.9210078
604000	34647.4341345
605000	34687.81318
606000	34726.2364433
607000	34767.2614246
608000	34808.0486381
609000	34848.5382986
610000	34887.9838595
611000	34929.9018464
612000	34970.3626016
613000	35012.7596741
614000	35052.1145652
615000	35093.2735987
616000	35131.7257889
617000	35170.201675
618000	35209.1110206
619000	35247.7670972
620000	35287.6549257
621000	35328.0094908
622000	35369.0461031
623000	35408.4842089
624000	35451.5754274
625000	35490.797249
626000	35529.7596546
627000	35570.1819618
628000	35609.6913346
629000	35646.5746914
630000	35689.5230517
631000	35728.4154198
632000	35768.6338673
633000	35806.0153134
634000	35821.7233436
635000	35821.9529917
636000	35822.3875843
637000	35822.8651339
638000	35826.1633326
639000	35864.1403153
640000	35905.9388356
641000	35944.4611491
642000	35982.071607
643000	36018.2892519
644000	36058.8496207
645000	36099.8518687
646000	36139.5789068
647000	36179.2378536
648000	36219.5415778
649000	36261.5420117
650000	36299.3379175
651000	36339.0449574
652000	36379.5623083
653000	36419.6282418
654000	36459.2795586
655000	36498.866801
656000	36538.0115315
657000	36580.9514101
658000	36619.8610184
659000	36660.7201612
660000	36700.7909954
661000	36739.8906736
662000	36780.0639343
663000	36820.015513
664000	36859.6859151
665000	36898.8456034
666000	36937.6560046
667000	36979.541996
668000	37019.9216716
669000	37058.4049365
670000	37098.9902295
671000	37140.2253523
672000	37180.6877177
673000	37220.248161
674000	37260.4263681
675000	37300.2537555
676000	37341.3054718
677000	37382.0290845
678000	37420.1173578
679000	37462.0434875
680000	37502.2276153
681000	37543.067369
682000	37582.9194511
683000	37624.7442133
684000	37663.3471804
685000	37702.7665901
686000	37744.8569372
687000	37782.4755804
688000	37819.8318915
689000	37858.9160592
690000	37897.931193
691000	37938.7494486
692000	37977.9112252
693000	38016.2292687
694000	38056.7520986
695000	38094.380192
696000	38134.8882002
697000	38173.3148873
698000	38212.3846985
699000	38250.747094
700000	38288.9623873
701000	38331.8229937
702000	38373.550994
703000	38412.4577371
704000	38454.7715551
705000	38493.9936697
706000	38531.7549193
707000	38572.0612921
708000	38611.3761759
709000	38651.204236
710000	38690.8519918
711000	38732.3193426
712000	38772.1948942
713000	38812.5411399
714000	38853.266712
715000	38891.6640418
716000	38932.8110704
717000	38971.5808446
718000	39012.5357145
719000	39052.5370533
720000	39091.6831821
721000	39132.1346888
722000	39172.5858237
723000	39213.6596071
724000	39254.880892
725000	39294.5368508
726000	39334.9624609
727000	39374.8347666
728000	39415.5913164
729000	39455.8248674
730000	39492.722916
731000	39535.3388449
732000	39576.153014
733000	39617.0000637
734000	39657.0019268
735000	39695.5533502
736000	39737.6993104
737000	39778.9668937
738000	39815.9582846
739000	39855.3628174
740000	39896.3717495
741000	39935.9853054
742000	39974.954633
743000	40014.1255292
744000	40053.9480148
745000	40093.7397894
746000	40133.1365267
747000	40172.7976007
748000	40213.8692812
749000	40252.4177496
750000	40291.9394126
751000	40330.1786554
752000	40370.1269315
753000	40410.6753169
754000	40452.2792731
755000	40488.9950731
756000	40527.9673849
757000	40570.4129096
758000	40612.0111709
759000	40652.0439257
760000	40695.7907993
761000	40735.3021039
762000	40775.5812892
763000	40814.1684803
764000	40853.9387954
765000	40894.7442732
766000	40933.2904503
767000	40974.8631125
768000	41016.0699417
769000	41054.0356959
770000	41093.1442473
771000	41133.4348853
772000	41172.8950846
773000	41212.2316744
774000	41252.4682836
775000	41293.2846543
776000	41331.3056755
777000	41369.8659115
778000	41412.3097834
779000	41454.7397878
780000	41494.9425665
781000	41535.7044054
782000	41576.7712998
783000	41617.5684869
784000	41656.8662235
785000	41694.5175402
786000	41734.5338178
787000	41772.2593483
788000	41811.4528588
789000	41851.0677906
790000	41888.4254763
791000	41928.1661903
792000	41967.8127377
793000	42008.7983186
794000	42049.5852213
795000	42089.6042864
796000	42130.0159883
797000	42171.9081704
798000	42211.4780622
799000	42251.4254906
800000	42290.701752
801000	42331.2079374
802000	42368.3388812
803000	42408.9491737
804000	42446.6216019
805000	42486.6797214
806000	42530.6351442
807000	42569.4639026
808000	42609.5846155
809000	42649.9575449
810000	42689.8299437
811000	42728.9855231
812000	42765.6756738
813000	42806.3892622
814000	42848.7509747
815000	42888.1128062
816000	42926.5417359
817000	42967.7152875
818000	43008.6228894
819000	43048.5147678
820000	43086.4082028
821000	43125.0943209
822000	43164.9784122
823000	43204.1119276
824000	43245.4813895
825000	43284.1808136
826000	43322.7366916
827000	43360.718475
828000	43401.9249203
829000	43442.3631062
830000	43482.4090364
831000	43522.0172576
832000	43561.6115713
833000	43602.0731041
834000	43642.4180479
835000	43682.9149507
836000	43725.4775599
837000	43765.1586179
838000	43808.783104
839000	43849.7398455
840000	43890.0861756
841000	43930.9564617
842000	43970.7387648
843000	44012.0287757
844000	44051.0729476
845000	44092.1197407
846000	44131.7627719
847000	44170.7237701
848000	44209.0402194
849000	44248.7439568
850000	44290.1091957
851000	44329.1445408
852000	44369.1613939
853000	44408.8177398
854000	44447.5315683
855000	44487.496003
856000	44529.5207341
857000	44569.7342009
858000	44608.9561264
859000	44648.2239838
860000	44689.6984185
861000	44728.3521685
862000	44768.0493732
863000	44809.11205
864000	44847.5009344
865000	44888.6498464
866000	44931.154452
867000	44973.7584451
868000	45014.494293
869000	45056.8230068
870000	45094.4248341
871000	45135.7742288
872000	45176.3578506
873000	45216.9377728
874000	45257.291653
875000	45298.3655257
876000	45337.7585072
877000	45377.6805888
878000	45418.5603882
879000	45458.6695523
880000	45498.393617
881000	45537.4609371
882000	45579.978671
883000	45620.8452703
884000	45660.6420122
885000	45699.7619241
886000	45736.6139959
887000	45775.3930579
888000	45813.9927113
889000	45852.8436675
890000	45894.6004721
891000	45935.3576085
892000	45974.5050157
893000	46014.578602
894000	46053.0786471
895000	46093.9003329
896000	46133.8221906
897000	46172.9062934
898000	46212.5127882
899000	46251.8824289
900000	46293.5272715
901000	46334.3606605
902000	46375.8386609
903000	46415.6344913
904000	46455.4065863
905000	46496.7089818
906000	46534.2935334
907000	46574.3252798
908000	46612.2532074
909000	46653.1573032
910000	46692.7604263
911000	46735.4400464
912000	46775.4083457
913000	46816.7532572
914000	46857.8472202
915000	46898.836074
916000	46935.9992266
917000	46973.6336465
918000	47012.8354528
919000	47054.9966617
920000	47096.4646828
921000	47136.3065231
922000	47174.9011017
923000	47215.487481
924000	47252.4210536
925000	47292.3777151
926000	47330.7323943
927000	47369.3959701
928000	47410.1750048
929000	47449.2368042
930000	47487.5995069
931000	47526.0045412
932000	47564.4924534
933000	47604.4832807
934000	47644.6110148
935000	47684.1543353
936000	47725.1125164
937000	47766.303632
938000	47805.7864428
939000	47849.8856353
940000	47886.8526372
941000	47925.4071636
942000	47964.3173718
943000	48006.1560286
944000	48049.266986
945000	48087.9274093
946000	48127.3251492
947000	48170.1336943
948000	48210.9631407
949000	48252.1778553
950000	48292.0952596
951000	48330.953685
952000	48370.639692
953000	48412.2014352
954000	48450.6655523
955000	48491.9730818
956000	48531.3622094
957000	48568.308751
958000	48607.4981992
959000	48648.0049487
960000	48687.8343038
961000	48729.1364737
962000	48770.2062349
963000	48811.4461289
964000	48848.9435846
965000	48887.652763
966000	48928.6907407
967000	48966.434976
968000	49006.0998979
969000	49046.1976319
970000	49086.725713
971000	49126.0501459
972000	49165.2532821
973000	49202.1840991
974000	49242.5001675
975000	49282.6995271
976000	49321.9750947
977000	49359.1803156
978000	49401.3696806
979000	49440.40634
980000	49482.9372003
981000	49521.6297871
982000	49562.8173206
983000	49601.7928776
984000	49639.3623968
985000	49679.718412
986000	49718.6990304
987000	49757.6349843
988000	49797.7078743
989000	49838.5240988
990000	49878.7280326
991000	49917.4204011
992000	49956.5547381
993000	49998.2425856
994000	50036.6416542
995000	50072.5803571
996000	50112.3891168
997000	50153.4747372
998000	50194.1923883
999000	50235.8264043
1000000	50276.158041
1001000	50317.0373694
1002000	50357.2532536
1003000	50398.2821414
1004000	50440.4385479
1005000	50480.3430854
1006000	50522.275542
1007000	50559.7434603
1008000	50600.4473609
1009000	50640.611941
1010000	50681.9406468
1011000	50723.0664729
1012000	50762.8089094
1013000	50801.0530987
1014000	50840.4598217
1015000	50881.0688442
1016000	50920.2855203
1017000	50962.8514618
1018000	51002.0936609
1019000	51040.5831657
1020000	51078.626558
1021000	51118.0355798
1022000	51156.0929769
1023000	51195.2730102
1024000	51234.3226564
1025000	51276.1942484
1026000	51316.3883294
1027000	51357.4769061
1028000	51398.9887834
1029000	51441.4777216
1030000	51481.8453252
1031000	51520.3468637
1032000	51557.5017282
1033000	51599.5130294
1034000	51639.041541
1035000	51678.4916439
1036000	51720.0151357
1037000	51760.3304703
1038000	51801.7684901
1039000	51841.3699168
1040000	51881.6034363
1041000	51921.2325332
1042000	51961.3543895
1043000	52001.6881532
1044000	52042.4862503
1045000	52082.4663538
1046000	52123.5675844
1047000	52163.3500421
1048000	52204.2384491
1049000	52244.6279849
1050000	52285.1639974
1051000	52324.4988201
1052000	52361.5764407
1053000	52401.473202
1054000	52438.979296
1055000	52478.7233432
1056000	52517.3657047
1057000	52557.6008208
1058000	52596.8802843
1059000	52635.71738
1060000	52675.1701678
1061000	52718.3717765
1062000	52757.9152068
1063000	52798.4156722
1064000	52835.9003175
1065000	52877.7497965
1066000	52918.0396876
1067000	52958.3403372
1068000	52997.814129
1069000	53037.3393481
1070000	53080.5765384
1071000	53121.8856621
1072000	53162.3572654
1073000	53200.4398747
1074000	53240.2672907
1075000	53281.7916864
1076000	53321.9044651
1077000	53360.0181125
1078000	53399.4183715
1079000	53438.5103428
1080000	53477.9725045
1081000	53517.7161807
1082000	53556.1870126
1083000	53596.4237445
1084000	53637.2019118
1085000	53676.8978938
1086000	53716.0901564
1087000	53755.0523277
1088000	53795.3788003
1089000	53835.3036547
1090000	53875.37929
1091000	53916.9068111
1092000	53957.3282018
1093000	53997.8324065
1094000	54036.9805961
1095000	54073.462231
1096000	54114.7147385
1097000	54152.8680235
1098000	54191.2845407
1099000	54231.1338753
1100000	54268.4065451
1101000	54310.8673333
1102000	54349.1525922
1103000	54389.0319329
1104000	54429.1360626
1105000	54466.6300368
1106000	54505.1042442
1107000	54544.9828243
1108000	54586.2910716
1109000	54627.2294045
1110000	54666.7950521
1111000	54706.4395995
1112000	54748.5028794
1113000	54789.5363596
1114000	54828.2848661
1115000	54868.0744868
1116000	54906.781579
1117000	54946.9515006
1118000	54986.5996661
1119000	55027.4627538
1120000	55068.2509506
1121000	55106.0290837
1122000	55143.6147728
1123000	55185.7548979
1124000	55227.0009151
1125000	55264.7611943
1126000	55303.0161147
1127000	55342.9320594
1128000	55381.9121856
1129000	55420.4546129
1130000	55461.6698953
1131000	55501.260906
1132000	55540.2490055
1133000	55583.3102828
1134000	55623.1703499
1135000	55663.0677782
1136000	55702.8434754
1137000	55742.794196
1138000	55783.6508408
1139000	55822.5990027
1140000	55861.1652267
1141000	55898.5570493
1142000	55939.4321214
1143000	55979.4490902
1144000	56020.1030234
1145000	56059.0023433
1146000	56099.9021861
1147000	56140.6427398
1148000	56180.0381658
1149000	56221.2821138
1150000	56259.2775394
1151000	56299.6272526
1152000	56337.4904108
1153000	56375.710756
1154000	56415.8765641
1155000	56454.9130611
1156000	56495.646304
1157000	56537.0868526
1158000	56575.1956091
1159000	56617.5090187
1160000	56658.0221105
1161000	56697.7760686
1162000	56740.2835324
1163000	56780.6685957
1164000	56821.1091163
1165000	56859.8650114
1166000	56898.4039867
1167000	56942.2541442
1168000	56984.5763821
1169000	57025.3827028
1170000	57064.6539689
1171000	57103.3376262
1172000	57143.5966197
1173000	57180.1019645
1174000	57219.3720281
1175000	57258.3899086
1176000	57300.0875687
1177000	57339.4440282
1178000	57379.8084879
1179000	57418.2450124
1180000	57457.4662534
1181000	57497.7002442
1182000	57535.8847794
1183000	57575.2268397
1184000	57616.0092675
1185000	57657.3952362
1186000	57697.9578408
1187000	57737.8833474
1188000	57779.0409551
1189000	57818.8589477
1190000	57859.0469373
1191000	57899.5012181
1192000	57940.4288705
1193000	57980.3304065
1194000	58019.8751374
1195000	58060.0703082
1196000	58097.5569611
1197000	58140.0808232
1198000	58179.4414304
1199000	58217.5085425
1200000	58257.2449048
1201000	58298.3480121
1202000	58338.7773262
1203000	58378.3053909
1204000	58417.3413371
1205000	58456.4316036
1206000	58495.7595965
1207000	58536.5355683
1208000	58575.7027323
1209000	58615.5995683
1210000	58656.9018416
1211000	58697.390062
1212000	58735.6612573
1213000	58774.9435049
1214000	58814.0772102
1215000	58854.4651812
1216000	58894.7659353
1217000	58934.4175461
1218000	58974.2791375
1219000	59013.1530217
1220000	59051.6125982
1221000	59089.2635114
1222000	59129.2789274
1223000	59167.6818152
1224000	59209.3888252
1225000	59250.7707995
1226000	59292.4530774
1227000	59331.346917
1228000	59371.6743678
1229000	59410.6509537
1230000	59449.1425762
1231000	59489.0642374
1232000	59527.3853724
1233000	59567.2857868
1234000	59609.2658837
1235000	59647.2182961
1236000	59684.8373544
1237000	59725.9548819
1238000	59769.1998031
1239000	59810.3563458
1240000	59848.8542727
1241000	59890.4486849
1242000	59935.0332321
1243000	59972.6434075
1244000	60012.2701303
1245000	60052.020578
1246000	60092.9897201
1247000	60133.0473239
1248000	60173.3760182
1249000	60212.8902561
1250000	60256.6405442
1251000	60296.7718144
1252000	60338.5097166
1253000	60378.2081067
1254000	60418.5597066
1255000	60459.2277233
1256000	60496.3801522
1257000	60536.2491072
1258000	60576.1593223
1259000	60619.5312883
1260000	60659.650083
1261000	60701.6494422
1262000	60742.194823
1263000	60780.8523427
1264000	60821.9715021
1265000	60861.8759648
1266000	60902.5796825
1267000	60943.7137442
1268000	60984.4785811
1269000	61022.4451312
1270000	61062.5209419
1271000	61104.1431775
1272000	61142.9458853
1273000	61181.4928927
1274000	61217.197745
1275000	61256.0511946
1276000	61295.5814004
1277000	61335.0938111
1278000	61376.1544257
1279000	61416.171209
1280000	61455.3812122
1281000	61495.5173447
1282000	61533.805071
1283000	61574.2578272
1284000	61615.4513458
1285000	61656.5509667
1286000	61697.2141458
1287000	61735.793774
1288000	61776.8217752
1289000	61815.1348593
1290000	61855.5558813
1291000	61897.2365391
1292000	61938.9857494
1293000	61976.3432137
1294000	62017.573602
1295000	62056.6665854
1296000	62095.2644451
1297000	62132.6559792
1298000	62175.0570546
1299000	62215.141709
1300000	62253.2356576
1301000	62294.3578565
1302000	62335.1510593
1303000	62374.8639683
1304000	62415.4589716
1305000	62455.1631257
1306000	62494.7345263
1307000	62533.1806964
1308000	62572.0514193
1309000	62611.7297891
1310000	62651.797476
1311000	62690.1736001
1312000	62731.3187299
1313000	62772.1045763
1314000	62812.8284797
1315000	62854.7230354
1316000	62893.2716951
1317000	62933.6151322
1318000	62975.2704473
1319000	63017.0229567
1320000	63055.7130654
1321000	63094.7325534
1322000	63135.6727545
1323000	63173.376787
1324000	63212.3443685
1325000	63249.9135382
1326000	63287.6156556
1327000	63325.7228911
1328000	63364.9472683
1329000	63406.4048907
1330000	63446.9489448
1331000	63486.4174251
1332000	63525.1657799
1333000	63563.7010724
1334000	63603.0078721
1335000	63640.8228439
1336000	63682.0833566
1337000	63725.5650644
1338000	63764.3467202
1339000	63805.6652344
1340000	63844.6426316
1341000	63885.5930704
1342000	63924.5419101
1343000	63964.3116687
1344000	64006.320976
1345000	64045.3765011
1346000	64085.51394
1347000	64127.4315786
1348000	64166.9104532
1349000	64205.9089794
1350000	64243.8172009
1351000	64284.2566843
1352000	64323.5686274
1353000	64362.2592813
1354000	64400.6540168
1355000	64437.7563501
1356000	64479.9698088
1357000	64520.6776402
1358000	64562.6404191
1359000	64601.2657684
1360000	64643.9516591
1361000	64684.7794092
1362000	64727.0158461
1363000	64769.5185294
1364000	64809.012964
1365000	64851.4497497
1366000	64890.8034563
1367000	64930.1905559
1368000	64968.5092285
1369000	65005.9487962
1370000	65042.7042413
1371000	65082.3694396
1372000	65121.5109992
1373000	65163.5120399
1374000	65202.9265259
1375000	65245.2175818
1376000	65284.9200848
1377000	65328.2336616
1378000	65366.4809617
1379000	65404.1748366
1380000	65445.2995257
1381000	65484.8826923
1382000	65524.1847977
1383000	65565.1692729
1384000	65605.8750435
1385000	65645.1379606
1386000	65687.5108583
1387000	65727.4312931
1388000	65766.4318278
1389000	65807.1564898
1390000	65847.1336032
1391000	65887.0400543
1392000	65928.1267658
1393000	65966.7883921
1394000	66007.3374225
1395000	66047.3505043
1396000	66086.1541785
1397000	66126.4029207
1398000	66166.1219319
1399000	66207.8492308
1400000	66248.0717449
1401000	66286.4463193
1402000	66327.1808291
1403000	66365.989665
1404000	66405.3061903
1405000	66445.5228763
1406000	66484.7925447
1407000	66525.9599792
1408000	66565.5080205
1409000	66607.135859
1410000	66644.6770131
1411000	66687.5395303
1412000	66729.2352265
1413000	66767.4224541
1414000	66806.2311289
1415000	66844.5747413
1416000	66886.2523661
1417000	66925.3108613
1418000	66964.6222115
1419000	67005.3161509
1420000	67046.7331749
1421000	67085.628372
1422000	67125.4996339
1423000	67165.0183393
1424000	67204.9333123
1425000	67243.5127814
1426000	67283.8664414
1427000	67323.4434755
1428000	67363.7626479
1429000	67403.2862751
1430000	67445.2092081
1431000	67486.1495625
1432000	67526.8694739
1433000	67566.1789305
1434000	67605.6420059
1435000	67644.7658961
1436000	67685.3265309
1437000	67725.3583908
1438000	67766.1341758
1439000	67804.1341674
1440000	67844.5521407
1441000	67883.1082157
1442000	67922.2297782
1443000	67961.2896908
1444000	68000.9115594
1445000	68038.0869685
1446000	68078.1156415
1447000	68120.3527804
1448000	68160.0783786
1449000	68199.6219452
1450000	68240.9099391
1451000	68282.284165
1452000	68319.5005622
1453000	68360.9315869
1454000	68401.0723023
1455000	68443.2394945
1456000	68482.9398761
1457000	68523.6646791
1458000	68561.8182513
1459000	68602.9107585
1460000	68643.2511616
1461000	68682.3827315
1462000	68722.4817579
1463000	68763.3674023
1464000	68802.0729591
1465000	68841.4478823
1466000	68881.0283411
1467000	68922.8825596
1468000	68962.6445115
1469000	69004.8200005
1470000	69046.2454223
1471000	69088.9803297
1472000	69128.612809
1473000	69168.2145679
1474000	69210.2073825
1475000	69249.5721779
1476000	69288.4570584
1477000	69327.0859397
1478000	69367.8715591
1479000	69404.9868159
1480000	69442.1751825
1481000	69481.1343432
1482000	69520.6390981
1483000	69561.2588965
1484000	69601.3992303
1485000	69640.7780218
1486000	69681.7517712
1487000	69721.1350342
1488000	69764.7071165
1489000	69807.153036
1490000	69845.0298914
1491000	69885.0444723
1492000	69924.5019009
1493000	69964.6421011
1494000	70004.4425948
1495000	70043.9016357
1496000	70084.6132367
1497000	70123.0280968
1498000	70161.0644507
1499000	70201.2430149
1500000	70241.0962917
1501000	70281.9835293
1502000	70322.2432536
1503000	70360.3730609
1504000	70399.182633
1505000	70439.3019866
1506000	70478.50467
1507000	70518.6808546
1508000	70558.943458
1509000	70596.8398865
1510000	70636.4263187
1511000	70677.4053898
1512000	70717.7250325
1513000	70756.4498862
1514000	70795.4917886
1515000	70835.5158065
1516000	70875.9445707
1517000	70916.0580677
1518000	70954.8789842
1519000	70995.0145459
1520000	71037.7913435
1521000	71077.3403208
1522000	71115.8885097
1523000	71156.2673388
1524000	71196.2166368
1525000	71235.9073902
1526000	71275.2569528
1527000	71313.8504146
1528000	71353.4565838
1529000	71393.8572447
1530000	71436.7124753
1531000	71477.6057762
1532000	71515.9335886
1533000	71557.7190418
1534000	71599.3680525
1535000	71640.0016201
1536000	71680.4439627
1537000	71721.4022539
1538000	71759.054984
1539000	71797.4739803
1540000	71835.6648
1541000	71875.6634626
1542000	71915.4331052
1543000	71952.7456823
1544000	71993.042289
1545000	72034.7189437
1546000	72072.4249385
1547000	72114.3777873
1548000	72153.7515078
1549000	72194.3754673
1550000	72233.9841402
1551000	72271.8322781
1552000	72311.0020244
1553000	72352.4020674
1554000	72391.513805
1555000	72431.245214
1556000	72469.8458996
1557000	72509.0014273
1558000	72547.6313183
1559000	72587.1424153
1560000	72627.0199271
1561000	72667.5600286
1562000	72707.5048763
1563000	72747.8974152
1564000	72789.3837807
1565000	72829.0431313
1566000	72869.5720622
1567000	72911.1207332
1568000	72952.1765681
1569000	72991.9779299
1570000	73031.6103444
1571000	73072.6668332
1572000	73111.6393314
1573000	73151.0646569
1574000	73190.2511219
1575000	73233.0383737
1576000	73273.0261151
1577000	73311.7542188
1578000	73353.4758104
1579000	73393.3050663
1580000	73434.2059735
1581000	73474.8917976
1582000	73515.1198176
1583000	73555.000852
1584000	73591.8938713
1585000	73631.6858132
1586000	73672.6374108
1587000	73712.6483123
1588000	73752.3958858
1589000	73792.9536757
1590000	73833.6653682
1591000	73871.8576731
1592000	73910.8709527
1593000	73948.7434061
1594000	73988.0366551
1595000	74027.7428035
1596000	74067.2385348
1597000	74106.7069324
1598000	74144.6056168
1599000	74183.1868356
1600000	74222.8650737
1601000	74262.5053625
1602000	74301.4564123
1603000	74341.7166909
1604000	74380.567441
1605000	74422.9340928
1606000	74463.0209865
1607000	74504.0053069
1608000	74545.5694574
1609000	74585.3634022
1610000	74625.248928
1611000	74662.9624431
1612000	74703.969439
1613000	74744.2828419
1614000	74784.1438789
1615000	74822.1545411
1616000	74862.7040736
1617000	74903.7685049
1618000	74943.0518781
1619000	74982.9153171
1620000	75021.3957166
1621000	75061.8950998
1622000	75101.9246535
1623000	75140.9758336
1624000	75178.4437996
1625000	75221.0502114
1626000	75262.1297598
1627000	75303.3328668
1628000	75343.8108256
1629000	75385.0676147
1630000	75425.1952301
1631000	75464.7258275
1632000	75505.746135
1633000	75543.6580932
1634000	75585.1079104
1635000	75625.3544012
1636000	75665.5928575
1637000	75705.8084609
1638000	75746.0097877
1639000	75786.2815303
1640000	75827.1446071
1641000	75865.6825989
1642000	75904.784979
1643000	75943.735226
1644000	75984.7335076
1645000	76025.5630071
1646000	76062.6725352
1647000	76103.7204013
1648000	76142.7382074
1649000	76183.7047338
1650000	76221.6974624
1651000	76259.9810182
1652000	76271.6826904
1653000	76271.6826904
1654000	76271.6826904
1655000	76271.6826904
1656000	76271.6826904
1657000	76271.6826904
1658000	76271.6826904
1659000	76271.6826904
1660000	76271.6826904
1661000	76271.6826904
1662000	76271.6826904
1663000	76271.9844143
1664000	76272.4471548
1665000	76272.4847194
1666000	76272.6727693
1667000	76281.6487644
1668000	76321.4380613
1669000	76360.042382
1670000	76400.1108307
1671000	76441.1322894
1672000	76481.1981754
1673000	76520.5475909
1674000	76559.2838867
1675000	76599.7340322
1676000	76640.7797483
1677000	76681.17276
1678000	76720.0484865
1679000	76760.7397581
1680000	76799.8679749
1681000	76839.6077665
1682000	76878.2104296
1683000	76892.6810399
1684000	76893.9763609
1685000	76895.3802698
1686000	76896.9292171
1687000	76898.7242375
1688000	76900.2879856
1689000	76902.1689711
1690000	76904.1453388
1691000	76905.8325603
1692000	76907.0935859
1693000	76908.4077662
1694000	76910.1965808
1695000	76911.7154653
1696000	76913.2475621
1697000	76914.7122708
1698000	76916.1051596
1699000	76917.6016048
1700000	76919.4453566
1701000	76921.0915148
1702000	76922.5957624
1703000	76924.2630184
1704000	76925.4593626
1705000	76927.1690743
1706000	76928.7637112
1707000	76930.5024581
1708000	76932.0803626
1709000	76933.5770217
1710000	76934.9693332
1711000	76936.7139611
1712000	76938.8388979
1713000	76941.0645714
1714000	76942.5131688
1715000	76944.3258468
1716000	76945.9684929
1717000	76947.3744897
1718000	76948.7765475
1719000	76950.4858588
1720000	76951.658457
1721000	76953.3008165
1722000	76954.6984424
1723000	76956.2608352
1724000	76957.9614244
1725000	76959.5985303
1726000	76961.2275204
1727000	76963.0871927
1728000	76964.2783177
1729000	76965.9587098
1730000	76967.2335317
1731000	76968.5935118
1732000	76969.8883574
1733000	76971.6250296
1734000	76972.4787006
1735000	76973.2306139
1736000	76973.6675095
1737000	76974.3056563
1738000	76975.270005
1739000	76976.230953
1740000	76976.80285
1741000	76977.681273
1742000	76978.6010285
1743000	76979.3700308
1744000	76980.2202162
1745000	76980.9703959
1746000	76981.7809657
1747000	76982.4177085
1748000	76983.0650062
1749000	76983.7425688
1750000	76984.7353827
1751000	76985.1469627
1752000	76985.9188789
1753000	76987.0761884
1754000	76987.8528461
1755000	76988.5754677
1756000	76989.2346299
1757000	76989.79785
1758000	76990.4238992
1759000	76991.0867137
1760000	76992.0962652
1761000	76992.8807255
1762000	76993.7793616
1763000	76994.7244472
1764000	76995.445879
1765000	76995.9408851
1766000	76996.8492798
1767000	76997.8572618
1768000	76998.8085063
1769000	76999.3325147
1770000	77000.4057827
1771000	77000.8546316
1772000	77001.9521748
1773000	77002.6707371
1774000	77003.6822684
1775000	77004.6065306
1776000	77005.3020512
1777000	77005.9999177
1778000	77006.7924097
1779000	77007.3289501
1780000	77008.2035149
1781000	77009.1558088
1782000	77009.803824
1783000	77010.441942
1784000	77011.297133
1785000	77011.9744439
1786000	77012.2948437
1787000	77012.6318083
1788000	77013.0789901
1789000	77013.464315
1790000	77013.8263145
1791000	77014.0633236
1792000	77014.4541738
1793000	77014.995998
1794000	77015.2552493
1795000	77015.7315408
1796000	77016.2626052
1797000	77016.8619831
1798000	77017.2347838
1799000	77017.4880787
1800000	77018.0701353
1801000	77018.6457784
1802000	77019.1775645
1803000	77019.5321704
1804000	77020.103639
1805000	77020.5487286
1806000	77020.9904498
1807000	77021.4651982
1808000	77021.9118058
1809000	77022.5787024
1810000	77022.9487657
1811000	77023.2741094
1812000	77023.4812548
1813000	77023.9782821
1814000	77024.3594043
1815000	77024.8480611
1816000	77025.1501077
1817000	77025.6096684
1818000	77025.9635774
1819000	77026.4421086
1820000	77026.915167
1821000	77027.431022
1822000	77027.9585918
1823000	77028.2451567
1824000	77028.8137707
1825000	77029.1529353
1826000	77029.8071131
1827000	77030.0621912
1828000	77030.3371136
1829000	77030.6438981
1830000	77031.1676392
1831000	77031.654319
1832000	77032.1484162
1833000	77032.383088
1834000	77032.6802067
1835000	77032.8120199
1836000	77032.8120199
1837000	77032.8120199
1838000	77032.8120199
1839000	77032.8120199
1840000	77032.8120199
1841000	77032.8120199
1842000	77032.8120199
1843000	77032.8120199
1844000	77032.8120199
1845000	77032.8120199
1846000	77032.8120199
1847000	77032.8120199
1848000	77032.8120199
1849000	77032.8120199
1850000	77032.8120199
1851000	77032.8120199
1852000	77032.8120199
1853000	77032.8120199
1854000	77032.8120199
1855000	77032.8120199
1856000	77032.8120199
1857000	77032.8120199
1858000	77032.8120199
1859000	77032.8120199
1860000	77032.8120199
1861000	77032.8120199
1862000	77032.8120199
1863000	77032.8120199
1864000	77032.8120199
1865000	77032.8120199
1866000	77032.8120199
1867000	77032.8120199
1868000	77032.8120199
1869000	77032.8120199
1870000	77032.8120199
1871000	77032.8120199
1872000	77032.8120199
1873000	77032.8120199
1874000	77032.8120199
1875000	77032.8120199
1876000	77032.8120199
1877000	77032.8120199
1878000	77032.8120199
1879000	77032.8120199
1880000	77032.8120199
1881000	77032.8120199
1882000	77032.8120199
1883000	77032.8120199
1884000	77032.8120199
1885000	77032.8120199
1886000	77032.8120199
1887000	77032.8120199
1888000	77032.8120199
1889000	77032.8120199
1890000	77032.8120199
1891000	77032.8120199
1892000	77032.8120199
1893000	77032.8120199
1894000	77032.8120199
1895000	77032.8120199
1896000	77032.8120199
1897000	77032.8120199
1898000	77032.8120199
1899000	77032.8120199
1900000	77032.8120199
1901000	77032.8120199
1902000	77032.8120199
1903000	77032.8120199
1904000	77032.8120199
1905000	77032.8120199
1906000	77032.8120199
1907000	77032.8120199
1908000	77032.8120199
1909000	77032.8120199
1910000	77032.8120199
1911000	77032.8120199
1912000	77032.8120199
1913000	77032.8120199
1914000	77032.8120199
1915000	77032.8120199
1916000	77032.8120199
1917000	77032.8120199
1918000	77032.8120199
1919000	77032.8120199
1920000	77032.8120199
1921000	77032.8120199
1922000	77032.8120199
1923000	77032.8120199
1924000	77032.8120199
1925000	77032.8120199
1926000	77032.8120199
1927000	77032.8120199
1928000	77032.8120199
1929000	77032.8120199
1930000	77032.8120199
1931000	77032.8120199
1932000	77032.8120199
1933000	77032.8120199
1934000	77032.8120199
1935000	77032.8120199
1936000	77032.8120199
1937000	77032.8120199
1938000	77032.8120199
1939000	77032.8120199
1940000	77032.8120199
1941000	77032.8120199
1942000	77032.8120199
1943000	77032.8120199
1944000	77032.8120199
1945000	77032.8120199
1946000	77032.8120199
1947000	77032.8120199
1948000	77032.8120199
1949000	77032.8120199
1950000	77032.8120199
1951000	77032.8120199
1952000	77032.8120199
1953000	77032.8120199
1954000	77032.8120199
1955000	77032.8120199
1956000	77032.8120199
1957000	77032.8120199
1958000	77032.8120199
1959000	77032.8120199
1960000	77032.8120199
1961000	77032.8120199
1962000	77032.8120199
1963000	77032.8120199
1964000	77032.8120199
1965000	77032.8120199
1966000	77032.8120199
1967000	77032.8120199
1968000	77032.8120199
1969000	77032.8120199
1970000	77032.8120199
1971000	77032.8120199
1972000	77032.8120199
1973000	77032.8120199
1974000	77032.8120199
1975000	77032.8120199
1976000	77032.8120199
1977000	77032.8120199
1978000	77032.8120199
1979000	77032.8120199
1980000	77032.8120199
1981000	77032.8120199
1982000	77032.8120199
1983000	77032.8120199
1984000	77032.8120199
1985000	77032.8120199
1986000	77032.8120199
1987000	77032.8120199
1988000	77032.8120199
1989000	77032.8120199
1990000	77032.8120199
1991000	77032.8120199
1992000	77032.8120199
1993000	77032.8120199
1994000	77032.8120199
1995000	77032.8120199
1996000	77032.8120199
1997000	77032.8120199
1998000	77032.8120199
1999000	77032.8120199
2000000	77032.8120199
